49.99705	3.485298e+10
50.99978	5.896831e+10
51.99888	9.144198e+10
52.99725	1.263168e+11
53.99777	1.622749e+11
54.99901	1.683507e+11
56.01474	2.086052e+11
56.99783	2.492476e+11
57.99976	2.905628e+11
58.99805	3.26883e+11
59.99778	3.600674e+11
61.0004	3.745877e+11
61.99793	4.081734e+11
62.99834	4.355528e+11
63.99874	4.498419e+11
65.00059	4.4839e+11
65.99879	4.368244e+11
66.99987	4.170577e+11
68.00022	4.400156e+11
68.99837	4.215237e+11
69.99942	3.977174e+11
70.999	3.601027e+11
72.00002	3.226442e+11
72.99956	2.8245e+11
73.99982	2.506351e+11
75.00079	2.240749e+11
75.99811	2.01212e+11
76.98745	2.046043e+11
77.99924	1.97137e+11
78.9987	1.675591e+11
79.99886	1.727006e+11
80.99972	1.669453e+11
81.99985	1.587673e+11
82.99995	1.546414e+11
84.00005	1.525627e+11
85.00012	1.535179e+11
85.998	1.527143e+11
86.99876	1.566022e+11
87.99879	1.524779e+11
88.99661	1.473007e+11
89.99804	1.463195e+11
90.99945	1.472657e+11
92.01968	1.47967e+11
92.99787	1.482806e+11
93.99922	1.486222e+11
94.99983	1.506867e+11
95.99825	1.581554e+11
96.99882	1.634731e+11
97.99937	1.685295e+11
98.99989	1.679456e+11
100.0004	1.687491e+11
100.9987	1.731634e+11
101.9992	1.737734e+11
102.9996	1.77027e+11
103.9986	1.796781e+11
104.9997	1.745299e+11
105.9979	1.769546e+11
106.999	1.788727e+11
107.9986	1.836645e+11
108.9975	1.897904e+11
109.9999	1.922109e+11
111.0038	1.896043e+11
111.9997	1.947449e+11
113.0006	2.06702e+11
113.9986	2.20232e+11
114.9988	2.345724e+11
115.9997	2.464323e+11
116.9998	2.607167e+11
117.9999	2.760852e+11
119.0086	2.714619e+11
120	2.644397e+11
120.9993	2.502609e+11
121.9993	2.453273e+11
122.9906	2.393814e+11
123.9999	2.425909e+11
124.9998	2.489103e+11
125.9983	2.358411e+11
126.9996	2.506592e+11
127.9987	2.700385e+11
128.9999	2.90835e+11
129.9997	3.075811e+11
130.9995	3.267501e+11
132.0006	3.230325e+11
132.9982	3.461415e+11
133.9993	3.680419e+11
134.9996	3.885328e+11
136.0014	3.978131e+11
137.0003	3.977288e+11
137.9998	4.314159e+11
138.9986	4.436055e+11
139.9996	4.452531e+11
140.9997	4.593979e+11
142.0013	4.607448e+11
142.9986	4.789201e+11
143.998	4.881054e+11
144.998	4.916598e+11
145.9959	4.939848e+11
146.9988	5.177779e+11
147.9988	5.229828e+11
148.9994	5.181656e+11
149.9986	5.239519e+11
151.0007	5.358613e+11
151.9991	5.22373e+11
152.9989	5.086461e+11
153.9994	5.106511e+11
154.9984	5.046105e+11
155.9988	5.091675e+11
157.0065	4.922717e+11
157.9996	4.88003e+11
159.0007	4.938965e+11
159.9981	4.999743e+11
160.9998	4.865853e+11
161.9993	4.799228e+11
163.0003	4.870394e+11
164.0004	4.963773e+11
164.9998	5.04486e+11
166.0007	5.046256e+11
166.9993	4.924577e+11
168	4.862839e+11
168.9978	4.922779e+11
169.9992	5.015493e+11
171.0295	5.10889e+11
172.0005	5.051999e+11
172.9989	4.845714e+11
173.9994	4.705725e+11
174.9985	4.695753e+11
176.0004	4.735646e+11
176.9979	4.789277e+11
177.9997	4.776801e+11
178.9986	4.599982e+11
179.9989	4.406909e+11
180.9999	4.261774e+11
181.998	4.18549e+11
182.9996	4.092391e+11
183.9991	4.132994e+11
184.9999	4.084806e+11
185.9884	3.985822e+11
187.0007	3.871613e+11
187.9993	3.787013e+11
188.9978	3.718239e+11
190.0006	3.759327e+11
190.9983	3.532592e+11
191.9989	3.540212e+11
193.0001	3.605991e+11
194.0006	3.513102e+11
194.9988	3.444101e+11
196	3.307854e+11
196.9981	3.157198e+11
197.9999	3.099658e+11
198.9987	3.194618e+11
199.9989	2.927069e+11
200.9984	2.961662e+11
201.9993	3.000644e+11
202.9986	3.034684e+11
204.0001	2.99541e+11
204.9987	2.902111e+11
205.9972	2.789522e+11
206.9986	2.743597e+11
207.9984	2.681672e+11
208.9976	2.568505e+11
210.0002	2.418543e+11
210.9985	2.358675e+11
211.9997	2.38068e+11
212.9986	2.374705e+11
213.9982	2.346297e+11
214.9999	2.286484e+11
215.9987	2.222058e+11
217.0004	2.226484e+11
217.9991	2.222107e+11
218.9992	2.225049e+11
219.9985	2.243074e+11
220.9999	2.177956e+11
221.9992	2.003855e+11
222.9991	2.018127e+11
224.0004	1.92965e+11
224.9988	1.931783e+11
225.9985	1.829413e+11
226.9997	1.792206e+11
227.9986	1.707462e+11
229.0004	1.705946e+11
230	1.673466e+11
230.9988	1.690339e+11
232.0019	1.634284e+11
232.9998	1.607844e+11
233.9985	1.523197e+11
234.9986	1.511251e+11
235.9986	1.466062e+11
236.9999	1.428038e+11
237.9998	1.373994e+11
238.9997	1.386099e+11
239.998	1.292401e+11
241.0006	1.255782e+11
242.0003	1.277354e+11
242.9993	1.384266e+11
243.9837	1.448916e+11
244.9969	1.459391e+11
245.9993	1.396213e+11
247.0002	1.449215e+11
247.9981	1.496428e+11
249.001	1.501795e+11
250.001	1.42175e+11
250.9995	1.444536e+11
251.9987	1.327966e+11
252.9985	1.369668e+11
253.999	1.43277e+11
254.9994	1.458576e+11
255.9984	1.382026e+11
256.998	1.310706e+11
257.999	1.332275e+11
258.9992	1.465402e+11
259.9986	1.564939e+11
260.9987	1.729043e+11
261.9988	1.642549e+11
262.9995	1.602395e+11
263.9995	1.53527e+11
264.9993	1.560342e+11
265.9992	1.529712e+11
266.9982	1.567876e+11
267.9979	1.465757e+11
268.9983	1.428908e+11
269.9993	1.444719e+11
270.9996	1.321445e+11
271.9998	1.340153e+11
272.9999	1.443865e+11
273.9928	1.434285e+11
274.9921	1.422658e+11
275.9986	1.419571e+11
276.9999	1.337755e+11
277.9854	1.375085e+11
278.9981	1.397913e+11
279.9993	1.390864e+11
280.9975	1.23787e+11
281.9978	1.226116e+11
282.9995	1.056444e+11
283.9998	9.18141e+10
284.9984	8.680777e+10
285.9985	9.129175e+10
286.9986	9.165199e+10
287.9999	9.039342e+10
288.9998	8.819307e+10
289.9997	7.678357e+10
291.0002	8.305542e+10
291.9999	8.606111e+10
292.9988	8.509878e+10
293.9991	7.483274e+10
294.9986	7.368625e+10
295.9995	5.650105e+10
296.9989	5.698049e+10
297.9997	5.281845e+10
298.9997	5.58162e+10
299.9996	5.52705e+10
301.0031	4.171843e+10
302.0007	3.299578e+10
302.9983	4.237165e+10
303.9993	5.189707e+10
305.0032	6.241065e+10
305.9992	5.62493e+10
306.9994	5.434642e+10
307.9995	5.414132e+10
308.9995	4.759024e+10
309.9981	4.07093e+10
310.9994	4.059246e+10
311.9986	3.279156e+10
312.9998	3.051889e+10
313.9988	2.416237e+10
314.9984	2.411259e+10
315.9987	3.633335e+10
317.0004	3.62733e+10
318.0005	3.914965e+10
318.9999	4.070158e+10
319.9985	3.646553e+10
320.9991	3.93039e+10
321.9983	4.220164e+10
322.9981	4.258897e+10
323.9993	3.275828e+10
324.999	2.563663e+10
325.9979	2.561776e+10
326.9988	1.495204e+10
327.999	1.822804e+10
328.9977	2.480463e+10
329.9991	2.564523e+10
330.9984	3.134313e+10
331.999	3.133356e+10
333.0038	2.403725e+10
333.9957	3.393932e+10
334.999	3.288925e+10
336.0007	3.491745e+10
336.9981	2.828964e+10
337.999	2.829535e+10
338.9991	2.158418e+10
339.9991	2.272368e+10
340.9833	2.273701e+10
341.999	2.496495e+10
342.9981	1.330049e+10
343.9971	8.433648e+09
344.9989	1.612469e+10
345.9985	2.252291e+10
346.9994	2.256628e+10
347.9989	3.358034e+10
348.9996	2.47893e+10
349.9996	3.041408e+10
