  50.0  2.96190e+08
  51.0  2.70880e+08
  52.0  1.66890e+08
  53.0  1.32770e+08
  54.0  1.68520e+08
  55.0  1.42470e+08
  56.0  5.46280e+07
  57.0  1.39940e+08
  58.0  3.98360e+08
  59.0  4.55740e+08
  60.0  3.12160e+08
  61.0  5.76140e+08
  62.0  1.20000e+09
  63.0  8.33020e+08
  64.0  4.18280e+08
  65.0  2.30000e+07
  66.0  3.14530e+07
  67.0  5.93610e+07
  68.0  8.72690e+07
  69.0  1.13000e+08
  70.0  9.35450e+07
  71.0  7.19140e+07
  72.0  5.30000e+07
  73.0  9.04970e+07
  74.0  1.30710e+08
  75.0  1.73000e+08
  76.0  2.58300e+08
  77.0  3.45670e+08
  78.0  4.26670e+08
  79.0  3.75430e+08
  80.0  3.17830e+08
  81.0  2.69000e+08
  82.0  4.02300e+08
  83.0  5.44370e+08
  84.0  6.83330e+08
  85.0  7.57700e+08
  86.0  8.28950e+08
  87.0  9.10000e+08
  88.0  1.19440e+09
  89.0  1.48840e+09
  90.0  1.16960e+09
  91.0  1.33810e+08
  92.0  2.34000e+08
  93.0  5.84000e+08
  94.0  5.94000e+08
  95.0  1.04000e+08
  96.0  1.04000e+08
  97.0  5.30000e+09
  98.0  1.41700e+09
  99.0  2.00200e+08
 100.0  3.96490e+07
 101.0  1.09570e+09
 102.0  3.56390e+09
 103.0  2.54080e+09
 104.0  1.02930e+09
 105.0  8.26000e+07
 106.0  1.29530e+08
 107.0  1.31000e+08
 108.0  7.21000e+08
 109.0  1.31000e+08
 110.0  1.31000e+08
 111.0  1.31000e+08
 112.0  6.21000e+08
 113.0  1.31000e+08
 114.0  1.31000e+08
 115.0  5.70768e+08
 116.0  1.63538e+09
 117.0  3.93853e+09
 118.0  3.37136e+09
 119.0  6.73202e+09
 120.0  3.05489e+10
 121.0  2.61309e+11
 122.0  5.08638e+10
 123.0  1.02113e+10
 124.0  3.99036e+09
 125.0  2.46961e+09
 126.0  3.43993e+09
 127.0  1.11010e+09
 128.0  5.49535e+08
 129.0  2.12467e+09
 130.0  5.79803e+09
 131.0  2.04255e+09
 132.0  2.91503e+09
 133.0  1.08329e+10
 134.0  2.51373e+09
 135.0  3.09518e+09
 136.0  2.22579e+09
 137.0  2.08595e+09
 138.0  2.96459e+09
 139.0  5.51122e+09
 140.0  4.34958e+09
 141.0  3.24627e+09
 142.0  3.75075e+09
 143.0  3.95943e+09
 144.0  4.02036e+09
 145.0  4.34619e+09
 146.0  5.73570e+09
 147.0  6.63907e+09
 148.0  6.41078e+09
 149.0  6.28278e+09
 150.0  6.89893e+09
 151.0  7.36337e+09
 152.0  9.47229e+09
 153.0  1.03940e+10
 154.0  1.74313e+10
 155.0  1.71087e+10
 156.0  1.51397e+10
 157.0  1.41663e+10
 158.0  1.40227e+10
 159.0  1.46842e+10
 160.0  1.62156e+10
 161.0  1.90320e+10
 162.0  2.17050e+10
 163.0  2.46763e+10
 164.0  2.55437e+10
 165.0  3.82257e+10
 166.0  3.37196e+10
 167.0  3.31884e+10
 168.0  3.94965e+10
 169.0  5.09168e+10
 170.0  5.67324e+10
 171.0  5.92647e+10
 172.0  6.25083e+10
 173.0  6.64778e+10
 174.0  7.83080e+10
 175.0  9.28595e+10
 176.0  1.05899e+11
 177.0  1.21478e+11
 178.0  1.34789e+11
 179.0  1.40130e+11
 180.0  1.67742e+11
 181.0  2.02516e+11
 182.0  2.03073e+11
 183.0  2.06785e+11
 184.0  1.90069e+11
 185.0  2.17014e+11
 186.0  2.55728e+11
 187.0  2.84973e+11
 188.0  3.13601e+11
 189.0  3.39292e+11
 190.0  3.60718e+11
 191.0  3.99873e+11
 192.0  3.96772e+11
 193.0  3.68487e+11
 194.0  5.14149e+11
 195.0  5.30894e+11
 196.0  5.89601e+11
 197.0  6.07765e+11
 198.0  6.09656e+11
 199.0  6.62863e+11
 200.0  7.32802e+11
 201.0  8.03078e+11
 202.0  8.25846e+11
 203.0  9.21132e+11
 204.0  1.03676e+12
 205.0  1.05447e+12
 206.0  1.10100e+12
 207.0  1.27123e+12
 208.0  1.53048e+12
 209.0  2.17926e+12
 210.0  2.87486e+12
 211.0  3.50198e+12
 212.0  3.25133e+12
 213.0  3.46977e+12
 214.0  4.22747e+12
 215.0  3.82316e+12
 216.0  3.44295e+12
 217.0  3.79442e+12
 218.0  4.81802e+12
 219.0  5.11667e+12
 220.0  5.17882e+12
 221.0  4.29575e+12
 222.0  5.47862e+12
 223.0  7.04509e+12
 224.0  6.55441e+12
 225.0  5.82340e+12
 226.0  4.34209e+12
 227.0  4.49315e+12
 228.0  5.91400e+12
 229.0  5.40528e+12
 230.0  6.02844e+12
 231.0  5.85577e+12
 232.0  6.17725e+12
 233.0  5.22766e+12
 234.0  4.55732e+12
 235.0  6.16108e+12
 236.0  5.71506e+12
 237.0  5.75931e+12
 238.0  5.04608e+12
 239.0  5.28481e+12
 240.0  4.76605e+12
 241.0  6.32208e+12
 242.0  8.70215e+12
 243.0  8.11781e+12
 244.0  7.43036e+12
 245.0  6.04364e+12
 246.0  6.24065e+12
 247.0  6.87339e+12
 248.0  5.58851e+12
 249.0  7.07792e+12
 250.0  7.46250e+12
 251.0  5.80876e+12
 252.0  5.24884e+12
 253.0  6.57009e+12
 254.0  7.54410e+12
 255.0  1.01342e+13
 256.0  1.29241e+13
 257.0  1.61970e+13
 258.0  1.62021e+13
 259.0  1.35666e+13
 260.0  1.12754e+13
 261.0  1.17464e+13
 262.0  1.36979e+13
 263.0  2.14834e+13
 264.0  3.33498e+13
 265.0  3.39521e+13
 266.0  3.34598e+13
 267.0  3.39227e+13
 268.0  3.30621e+13
 269.0  3.24053e+13
 270.0  3.67211e+13
 271.0  3.10267e+13
 272.0  2.70977e+13
 273.0  2.73027e+13
 274.0  1.83454e+13
 275.0  2.47223e+13
 276.0  3.45470e+13
 277.0  3.35475e+13
 278.0  2.28824e+13
 279.0  1.21139e+13
 280.0  1.35064e+13
 281.0  3.00024e+13
 282.0  4.30980e+13
 283.0  4.58971e+13
 284.0  3.44781e+13
 285.0  2.26808e+13
 286.0  4.73419e+13
 287.0  4.92168e+13
 288.0  4.68789e+13
 289.0  6.89398e+13
 290.0  8.81882e+13
 291.0  8.52761e+13
 292.0  7.65944e+13
 293.0  7.93960e+13
 294.0  7.54674e+13
 295.0  8.23943e+13
 296.0  7.62236e+13
 297.0  7.70394e+13
 298.0  7.04502e+13
 299.0  7.51843e+13
 300.0  6.48095e+13
 301.0  7.17621e+13
 302.0  7.75042e+13
 303.0  9.93144e+13
 304.0  9.53823e+13
 305.0  9.45693e+13
 306.0  8.79470e+13
 307.0  9.79935e+13
 308.0  9.78066e+13
 309.0  7.79070e+13
 310.0  9.94987e+13
 311.0  1.16835e+14
 312.0  1.04598e+14
 313.0  1.13159e+14
 314.0  1.07132e+14
 315.0  1.03464e+14
 316.0  1.02766e+14
 317.0  1.27273e+14
 318.0  1.07152e+14
 319.0  1.15144e+14
 320.0  1.32878e+14
 321.0  1.13378e+14
 322.0  1.13301e+14
 323.0  1.08714e+14
 324.0  1.26383e+14
 325.0  1.47067e+14
 326.0  1.64243e+14
 327.0  1.59450e+14
 328.0  1.52955e+14
 329.0  1.79624e+14
 330.0  1.70571e+14
 331.0  1.62996e+14
 332.0  1.61787e+14
 333.0  1.56559e+14
 334.0  1.64589e+14
 335.0  1.62650e+14
 336.0  1.38772e+14
 337.0  1.45626e+14
 338.0  1.60642e+14
 339.0  1.67106e+14
 340.0  1.77690e+14
 341.0  1.61398e+14
 342.0  1.74979e+14
 343.0  1.67524e+14
 344.0  1.37807e+14
 345.0  1.67637e+14
 346.0  1.65786e+14
 347.0  1.60925e+14
 348.0  1.61992e+14
 349.0  1.59187e+14
 350.0  1.91022e+14
