 Lambda  Total   C+SO     O+CS     CO+S     S+CO     CS+O     COS+     CO/S1S   CS/O     CO/S1D   CS/O1D   CO/S    
    0.6 3.30E-22 1.65E-23 4.95E-24 5.61E-23 1.98E-22 6.60E-24 4.78E-23 0.00E+00 0.00E+00 0.00E+00 0.00E+00 0.00E+00
    1.1 2.80E-21 1.40E-22 4.20E-23 4.76E-22 1.68E-21 5.60E-23 4.06E-22 0.00E+00 0.00E+00 0.00E+00 0.00E+00 0.00E+00
    2.4 1.90E-20 9.50E-22 2.85E-22 3.23E-21 1.14E-20 3.80E-22 2.75E-21 0.00E+00 0.00E+00 0.00E+00 0.00E+00 0.00E+00
    5.0 1.30E-19 6.49E-21 1.95E-21 2.21E-20 7.80E-20 2.60E-21 1.88E-20 0.00E+00 0.00E+00 0.00E+00 0.00E+00 0.00E+00
    5.2 2.50E-20 1.25E-21 3.76E-22 4.25E-21 1.50E-20 5.01E-22 3.62E-21 0.00E+00 0.00E+00 0.00E+00 0.00E+00 2.78E-36
    6.2 4.30E-20 2.15E-21 6.47E-22 7.31E-21 2.58E-20 8.61E-22 6.22E-21 0.00E+00 0.00E+00 0.00E+00 0.00E+00 0.00E+00
   12.6 3.00E-19 1.50E-20 4.52E-21 5.09E-20 1.80E-19 6.02E-21 4.33E-20 0.00E+00 0.00E+00 0.00E+00 0.00E+00 0.00E+00
   22.6 8.50E-19 4.23E-20 1.29E-20 1.44E-19 5.12E-19 1.71E-20 1.22E-19 0.00E+00 0.00E+00 0.00E+00 0.00E+00 0.00E+00
   23.6 7.00E-19 3.48E-20 1.06E-20 1.19E-19 4.21E-19 1.41E-20 1.00E-19 0.00E+00 0.00E+00 0.00E+00 0.00E+00 7.77E-35
   24.6 7.70E-19 3.83E-20 1.17E-20 1.31E-19 4.63E-19 1.55E-20 1.10E-19 0.00E+00 0.00E+00 0.00E+00 0.00E+00 0.00E+00
   50.3 3.80E-18 1.88E-19 5.82E-20 6.43E-19 2.30E-18 7.70E-20 5.39E-19 0.00E+00 0.00E+00 0.00E+00 0.00E+00 0.00E+00
   52.5 3.50E-18 1.73E-19 5.37E-20 5.92E-19 2.11E-18 7.10E-20 4.96E-19 0.00E+00 0.00E+00 0.00E+00 0.00E+00 0.00E+00
   62.1 5.00E-18 2.46E-19 7.70E-20 8.45E-19 3.02E-18 1.02E-19 7.05E-19 0.00E+00 0.00E+00 0.00E+00 0.00E+00 0.00E+00
   67.5 5.80E-18 2.85E-19 8.95E-20 9.80E-19 3.51E-18 1.18E-19 8.16E-19 0.00E+00 0.00E+00 0.00E+00 0.00E+00 0.00E+00
   70.5 3.00E-18 1.48E-19 4.64E-20 5.07E-19 1.82E-18 6.11E-20 4.21E-19 0.00E+00 0.00E+00 0.00E+00 0.00E+00 0.00E+00
   73.5 1.00E-18 4.91E-20 1.55E-20 1.69E-19 6.06E-19 2.04E-20 1.40E-19 0.00E+00 0.00E+00 0.00E+00 0.00E+00 0.00E+00
  121.7 2.80E-18 1.36E-19 4.42E-20 4.71E-19 1.71E-18 5.78E-20 3.84E-19 0.00E+00 0.00E+00 0.00E+00 0.00E+00 0.00E+00
  248.0 9.75E-20 4.59E-21 1.62E-21 1.62E-20 6.04E-20 2.08E-21 1.26E-20 0.00E+00 0.00E+00 0.00E+00 0.00E+00 0.00E+00
  253.0 8.20E-20 3.44E-21 1.56E-21 1.30E-20 5.17E-20 2.21E-21 1.01E-20 0.00E+00 0.00E+00 0.00E+00 0.00E+00 0.00E+00
  258.0 9.20E-20 3.68E-21 1.84E-21 1.47E-20 5.69E-20 2.02E-21 1.29E-20 0.00E+00 0.00E+00 0.00E+00 0.00E+00 0.00E+00
  264.0 1.00E-19 3.89E-21 1.81E-21 1.63E-20 6.24E-20 2.00E-21 1.36E-20 0.00E+00 0.00E+00 0.00E+00 0.00E+00 0.00E+00
  270.0 1.02E-19 4.18E-21 2.26E-21 1.55E-20 6.46E-20 1.82E-21 1.37E-20 0.00E+00 0.00E+00 0.00E+00 0.00E+00 0.00E+00
  276.0 9.38E-20 3.60E-21 1.21E-21 1.46E-20 5.96E-20 1.94E-21 1.29E-20 0.00E+00 0.00E+00 0.00E+00 0.00E+00 0.00E+00
  282.0 9.93E-20 3.97E-21 1.89E-21 1.54E-20 6.26E-20 1.89E-21 1.36E-20 0.00E+00 0.00E+00 0.00E+00 0.00E+00 0.00E+00
  288.0 9.66E-20 3.46E-21 1.76E-21 1.56E-20 6.11E-20 1.93E-21 1.28E-20 0.00E+00 0.00E+00 0.00E+00 0.00E+00 0.00E+00
  295.0 1.10E-19 3.61E-21 1.44E-21 1.79E-20 7.02E-20 2.43E-21 1.44E-20 0.00E+00 0.00E+00 0.00E+00 0.00E+00 0.00E+00
  302.0 1.05E-19 3.46E-21 1.63E-21 1.57E-20 6.72E-20 2.36E-21 1.46E-20 0.00E+00 0.00E+00 0.00E+00 0.00E+00 0.00E+00
  310.0 1.08E-19 4.19E-21 1.64E-21 1.54E-20 6.83E-20 3.00E-21 1.54E-20 0.00E+00 0.00E+00 0.00E+00 0.00E+00 2.16E-23
  318.0 1.12E-19 4.32E-21 1.44E-21 1.64E-20 7.16E-20 2.97E-21 1.53E-20 0.00E+00 0.00E+00 0.00E+00 0.00E+00 0.00E+00
  326.0 1.10E-19 4.07E-21 1.09E-21 1.54E-20 7.00E-20 3.09E-21 1.64E-20 0.00E+00 0.00E+00 0.00E+00 0.00E+00 0.00E+00
  335.0 1.14E-19 4.22E-21 1.09E-21 1.45E-20 7.35E-20 3.47E-21 1.72E-20 0.00E+00 0.00E+00 0.00E+00 0.00E+00 0.00E+00
  344.0 1.20E-19 4.40E-21 1.20E-21 1.46E-20 7.84E-20 3.76E-21 1.76E-20 0.00E+00 0.00E+00 0.00E+00 0.00E+00 0.00E+00
  354.0 1.28E-19 4.57E-21 1.01E-21 1.46E-20 8.40E-20 3.74E-21 2.01E-20 0.00E+00 0.00E+00 0.00E+00 0.00E+00 2.56E-23
  365.0 1.33E-19 4.63E-21 7.98E-22 1.54E-20 8.75E-20 4.55E-21 2.01E-20 0.00E+00 0.00E+00 0.00E+00 0.00E+00 0.00E+00
  376.0 1.43E-19 4.79E-21 1.00E-21 1.64E-20 9.22E-20 4.79E-21 2.37E-20 0.00E+00 0.00E+00 0.00E+00 0.00E+00 0.00E+00
  387.0 1.46E-19 4.86E-21 7.45E-22 1.65E-20 9.53E-20 4.76E-21 2.38E-20 0.00E+00 0.00E+00 0.00E+00 0.00E+00 0.00E+00
  400.0 1.59E-19 4.17E-21 4.45E-22 1.73E-20 1.05E-19 5.09E-21 2.73E-20 0.00E+00 0.00E+00 0.00E+00 0.00E+00 0.00E+00
  413.0 1.67E-19 3.21E-21 4.68E-22 1.92E-20 1.09E-19 5.85E-21 2.94E-20 0.00E+00 0.00E+00 0.00E+00 0.00E+00 0.00E+00
  428.0 1.81E-19 2.17E-21 1.81E-22 1.99E-20 1.18E-19 5.97E-21 3.46E-20 0.00E+00 0.00E+00 0.00E+00 0.00E+00 0.00E+00
  443.0 1.93E-19 1.36E-21 1.93E-22 2.01E-20 1.26E-19 5.79E-21 3.90E-20 0.00E+00 0.00E+00 0.00E+00 0.00E+00 3.74E-22
  459.0 2.05E-19 1.82E-22 6.15E-22 2.28E-20 1.33E-19 5.53E-21 4.28E-20 0.00E+00 0.00E+00 0.00E+00 0.00E+00 2.28E-22
  477.0 2.21E-19 4.42E-22 2.21E-22 2.28E-20 1.41E-19 5.97E-21 5.11E-20 0.00E+00 0.00E+00 0.00E+00 0.00E+00 0.00E+00
  496.0 2.38E-19 2.74E-22 7.26E-22 2.45E-20 1.49E-19 3.76E-21 5.93E-20 0.00E+00 0.00E+00 0.00E+00 0.00E+00 0.00E+00
  517.0 2.49E-19 4.48E-22 4.48E-22 2.38E-20 1.54E-19 2.71E-21 6.77E-20 0.00E+00 0.00E+00 0.00E+00 0.00E+00 0.00E+00
  539.0 2.71E-19 2.71E-22 5.42E-22 2.47E-20 1.66E-19 3.25E-21 7.67E-20 0.00E+00 0.00E+00 0.00E+00 0.00E+00 0.00E+00
  564.0 2.96E-19 0.00E+00 8.88E-22 2.22E-20 1.79E-19 2.96E-21 9.09E-20 0.00E+00 0.00E+00 0.00E+00 0.00E+00 0.00E+00
  590.0 3.17E-19 0.00E+00 8.88E-22 1.81E-20 1.88E-19 8.88E-21 1.01E-19 0.00E+00 0.00E+00 0.00E+00 0.00E+00 0.00E+00
  620.0 3.53E-19 0.00E+00 3.53E-22 1.27E-20 2.07E-19 1.73E-21 1.31E-19 0.00E+00 0.00E+00 0.00E+00 0.00E+00 0.00E+00
  653.0 4.01E-19 0.00E+00 0.00E+00 7.14E-21 2.39E-19 5.78E-23 1.55E-19 0.00E+00 0.00E+00 0.00E+00 0.00E+00 2.24E-23
  654.0 4.00E-19 0.00E+00 0.00E+00 7.00E-21 2.38E-19 0.00E+00 1.55E-19 0.00E+00 0.00E+00 0.00E+00 0.00E+00 7.79E-23
  689.0 3.91E-19 0.00E+00 0.00E+00 2.73E-21 2.26E-19 0.00E+00 1.62E-19 0.00E+00 0.00E+00 0.00E+00 0.00E+00 3.91E-24
  729.0 3.54E-19 0.00E+00 0.00E+00 0.00E+00 1.88E-19 0.00E+00 1.66E-19 0.00E+00 0.00E+00 0.00E+00 0.00E+00 0.00E+00
  775.0 3.03E-19 0.00E+00 0.00E+00 0.00E+00 1.09E-19 0.00E+00 1.94E-19 0.00E+00 0.00E+00 0.00E+00 0.00E+00 0.00E+00
  827.0 3.70E-19 0.00E+00 0.00E+00 0.00E+00 4.55E-20 0.00E+00 3.24E-19 0.00E+00 0.00E+00 0.00E+00 0.00E+00 0.00E+00
  886.0 5.17E-19 0.00E+00 0.00E+00 0.00E+00 1.28E-20 0.00E+00 5.04E-19 0.00E+00 0.00E+00 0.00E+00 0.00E+00 1.55E-22
  907.0 5.00E-19 0.00E+00 0.00E+00 0.00E+00 0.00E+00 0.00E+00 4.91E-19 0.00E+00 0.00E+00 0.00E+00 0.00E+00 8.64E-21
  954.0 4.87E-19 0.00E+00 0.00E+00 0.00E+00 0.00E+00 0.00E+00 4.87E-19 0.00E+00 0.00E+00 0.00E+00 0.00E+00 0.00E+00
 1060.0 2.88E-17 0.00E+00 0.00E+00 0.00E+00 0.00E+00 0.00E+00 2.59E-17 2.09E-18 0.00E+00 0.00E+00 0.00E+00 7.89E-19
 1070.0 2.90E-17 0.00E+00 0.00E+00 0.00E+00 0.00E+00 0.00E+00 2.61E-17 2.30E-18 0.00E+00 0.00E+00 0.00E+00 5.96E-19
 1080.0 2.88E-17 0.00E+00 0.00E+00 0.00E+00 0.00E+00 0.00E+00 2.59E-17 2.49E-18 0.00E+00 0.00E+00 0.00E+00 3.95E-19
 1090.0 2.88E-17 0.00E+00 0.00E+00 0.00E+00 0.00E+00 0.00E+00 2.59E-17 2.68E-18 0.00E+00 0.00E+00 0.00E+00 1.97E-19
 1100.0 2.52E-17 0.00E+00 0.00E+00 0.00E+00 0.00E+00 0.00E+00 2.27E-17 2.52E-18 0.00E+00 0.00E+00 0.00E+00 0.00E+00
 1110.0 2.45E-17 0.00E+00 0.00E+00 0.00E+00 0.00E+00 0.00E+00 2.21E-17 2.45E-18 0.00E+00 0.00E+00 0.00E+00 0.00E+00
 1120.0 2.25E-17 0.00E+00 0.00E+00 0.00E+00 0.00E+00 0.00E+00 2.02E-17 2.25E-18 0.00E+00 0.00E+00 0.00E+00 0.00E+00
 1130.0 2.20E-17 0.00E+00 0.00E+00 0.00E+00 0.00E+00 0.00E+00 0.00E+00 2.47E-18 0.00E+00 0.00E+00 2.20E-18 1.73E-17
 1137.0 2.70E-17 0.00E+00 0.00E+00 0.00E+00 0.00E+00 0.00E+00 0.00E+00 3.27E-18 0.00E+00 0.00E+00 4.59E-18 1.91E-17
 1140.0 1.75E-17 0.00E+00 0.00E+00 0.00E+00 0.00E+00 0.00E+00 0.00E+00 2.19E-18 0.00E+00 0.00E+00 3.50E-18 1.18E-17
 1145.0 2.55E-17 0.00E+00 0.00E+00 0.00E+00 0.00E+00 0.00E+00 0.00E+00 3.35E-18 0.00E+00 0.00E+00 6.38E-18 1.58E-17
 1148.0 1.50E-17 0.00E+00 0.00E+00 0.00E+00 0.00E+00 0.00E+00 0.00E+00 2.03E-18 0.00E+00 0.00E+00 4.20E-18 8.77E-18
 1150.0 2.60E-17 0.00E+00 0.00E+00 0.00E+00 0.00E+00 0.00E+00 0.00E+00 3.58E-18 0.00E+00 0.00E+00 7.80E-18 1.46E-17
 1158.0 1.70E-17 0.00E+00 0.00E+00 0.00E+00 0.00E+00 0.00E+00 0.00E+00 2.51E-18 0.00E+00 0.00E+00 6.46E-18 8.03E-18
 1164.0 3.50E-17 0.00E+00 0.00E+00 0.00E+00 0.00E+00 0.00E+00 0.00E+00 5.43E-18 0.00E+00 0.00E+00 1.54E-17 1.42E-17
 1168.0 1.75E-17 0.00E+00 0.00E+00 0.00E+00 0.00E+00 0.00E+00 0.00E+00 2.80E-18 0.00E+00 0.00E+00 8.40E-18 6.30E-18
 1171.0 2.35E-17 0.00E+00 0.00E+00 0.00E+00 0.00E+00 0.00E+00 0.00E+00 3.85E-18 0.00E+00 0.00E+00 1.20E-17 7.67E-18
 1172.0 1.35E-17 0.00E+00 0.00E+00 0.00E+00 0.00E+00 0.00E+00 0.00E+00 2.23E-18 0.00E+00 0.00E+00 7.02E-18 4.25E-18
 1180.0 1.80E-17 0.00E+00 0.00E+00 0.00E+00 0.00E+00 0.00E+00 0.00E+00 3.15E-18 0.00E+00 0.00E+00 1.08E-17 4.05E-18
 1185.0 1.35E-17 0.00E+00 0.00E+00 0.00E+00 0.00E+00 0.00E+00 0.00E+00 2.45E-18 0.00E+00 0.00E+00 8.77E-18 2.28E-18
 1190.0 2.20E-17 0.00E+00 0.00E+00 0.00E+00 0.00E+00 0.00E+00 0.00E+00 4.13E-18 0.00E+00 0.00E+00 1.54E-17 2.47E-18
 1192.0 1.70E-17 0.00E+00 0.00E+00 0.00E+00 0.00E+00 0.00E+00 0.00E+00 3.23E-18 0.00E+00 0.00E+00 1.22E-17 1.53E-18
 1200.0 3.15E-17 0.00E+00 0.00E+00 0.00E+00 0.00E+00 0.00E+00 0.00E+00 6.30E-18 0.00E+00 0.00E+00 2.52E-17 0.00E+00
 1207.0 1.65E-17 0.00E+00 0.00E+00 0.00E+00 0.00E+00 0.00E+00 0.00E+00 3.18E-18 0.00E+00 0.00E+00 1.33E-17 0.00E+00
 1210.0 2.50E-17 0.00E+00 0.00E+00 0.00E+00 0.00E+00 0.00E+00 0.00E+00 4.75E-18 0.00E+00 0.00E+00 2.03E-17 0.00E+00
 1214.0 7.50E-18 0.00E+00 0.00E+00 0.00E+00 0.00E+00 0.00E+00 0.00E+00 1.40E-18 0.00E+00 0.00E+00 6.11E-18 0.00E+00
 1220.0 1.30E-17 0.00E+00 0.00E+00 0.00E+00 0.00E+00 0.00E+00 0.00E+00 2.34E-18 0.00E+00 0.00E+00 1.07E-17 0.00E+00
 1230.0 1.70E-17 0.00E+00 0.00E+00 0.00E+00 0.00E+00 0.00E+00 0.00E+00 2.89E-18 0.00E+00 0.00E+00 1.41E-17 0.00E+00
 1240.0 7.00E-18 0.00E+00 0.00E+00 0.00E+00 0.00E+00 0.00E+00 0.00E+00 1.12E-18 0.00E+00 0.00E+00 5.88E-18 0.00E+00
 1245.0 2.98E-18 0.00E+00 0.00E+00 0.00E+00 0.00E+00 0.00E+00 0.00E+00 4.62E-19 0.00E+00 0.00E+00 2.52E-18 0.00E+00
 1250.0 3.42E-17 0.00E+00 0.00E+00 0.00E+00 0.00E+00 0.00E+00 0.00E+00 5.13E-18 0.00E+00 0.00E+00 2.91E-17 0.00E+00
 1255.0 4.84E-18 0.00E+00 0.00E+00 0.00E+00 0.00E+00 0.00E+00 0.00E+00 7.02E-19 0.00E+00 0.00E+00 4.14E-18 0.00E+00
 1261.0 3.16E-17 0.00E+00 0.00E+00 0.00E+00 0.00E+00 0.00E+00 0.00E+00 4.39E-18 0.00E+00 0.00E+00 2.72E-17 0.00E+00
 1267.0 6.32E-18 0.00E+00 0.00E+00 0.00E+00 0.00E+00 0.00E+00 0.00E+00 8.41E-19 0.00E+00 0.00E+00 5.48E-18 0.00E+00
 1270.0 4.65E-17 0.00E+00 0.00E+00 0.00E+00 0.00E+00 0.00E+00 0.00E+00 6.04E-18 0.00E+00 0.00E+00 4.05E-17 0.00E+00
 1277.0 7.25E-18 0.00E+00 0.00E+00 0.00E+00 0.00E+00 0.00E+00 0.00E+00 8.92E-19 0.00E+00 0.00E+00 6.36E-18 0.00E+00
 1284.0 2.19E-16 0.00E+00 0.00E+00 0.00E+00 0.00E+00 0.00E+00 0.00E+00 2.54E-17 0.00E+00 0.00E+00 1.94E-16 0.00E+00
 1290.0 8.18E-18 0.00E+00 0.00E+00 0.00E+00 0.00E+00 0.00E+00 0.00E+00 9.00E-19 0.00E+00 0.00E+00 7.28E-18 0.00E+00
 1295.0 3.16E-16 0.00E+00 0.00E+00 0.00E+00 0.00E+00 0.00E+00 0.00E+00 3.32E-17 0.00E+00 0.00E+00 2.83E-16 0.00E+00
 1306.0 6.70E-18 0.00E+00 0.00E+00 0.00E+00 0.00E+00 0.00E+00 0.00E+00 6.70E-19 0.00E+00 0.00E+00 6.03E-18 0.00E+00
 1308.0 3.35E-17 0.00E+00 0.00E+00 0.00E+00 0.00E+00 0.00E+00 0.00E+00 3.35E-18 0.00E+00 0.00E+00 3.02E-17 0.00E+00
 1314.0 6.77E-18 0.00E+00 0.00E+00 0.00E+00 0.00E+00 0.00E+00 0.00E+00 6.77E-19 0.00E+00 0.00E+00 6.09E-18 0.00E+00
 1322.0 3.72E-17 0.00E+00 0.00E+00 0.00E+00 0.00E+00 0.00E+00 0.00E+00 3.72E-18 0.00E+00 0.00E+00 3.35E-17 0.00E+00
 1328.0 4.84E-18 0.00E+00 0.00E+00 0.00E+00 0.00E+00 0.00E+00 0.00E+00 4.84E-19 0.00E+00 0.00E+00 4.36E-18 0.00E+00
 1332.0 1.00E-16 0.00E+00 0.00E+00 0.00E+00 0.00E+00 0.00E+00 0.00E+00 1.00E-17 0.00E+00 0.00E+00 9.00E-17 0.00E+00
 1342.0 4.84E-18 0.00E+00 0.00E+00 0.00E+00 0.00E+00 0.00E+00 0.00E+00 4.84E-19 0.00E+00 0.00E+00 4.36E-18 0.00E+00
 1346.0 1.23E-16 0.00E+00 0.00E+00 0.00E+00 0.00E+00 0.00E+00 0.00E+00 1.23E-17 0.00E+00 0.00E+00 1.11E-16 0.00E+00
 1354.0 4.84E-18 0.00E+00 0.00E+00 0.00E+00 0.00E+00 0.00E+00 0.00E+00 4.84E-19 0.00E+00 0.00E+00 4.36E-18 0.00E+00
 1359.0 1.45E-16 0.00E+00 0.00E+00 0.00E+00 0.00E+00 0.00E+00 0.00E+00 1.45E-17 0.00E+00 0.00E+00 1.31E-16 0.00E+00
 1368.0 3.53E-18 0.00E+00 0.00E+00 0.00E+00 0.00E+00 0.00E+00 0.00E+00 3.53E-19 0.00E+00 0.00E+00 3.18E-18 0.00E+00
 1372.0 1.08E-16 0.00E+00 0.00E+00 0.00E+00 0.00E+00 0.00E+00 0.00E+00 1.08E-17 0.00E+00 0.00E+00 9.72E-17 0.00E+00
 1380.0 1.86E-18 0.00E+00 0.00E+00 0.00E+00 0.00E+00 0.00E+00 0.00E+00 1.86E-19 0.00E+00 0.00E+00 1.67E-18 0.00E+00
 1384.0 9.30E-17 0.00E+00 0.00E+00 0.00E+00 0.00E+00 0.00E+00 0.00E+00 9.30E-18 0.00E+00 0.00E+00 8.37E-17 0.00E+00
 1392.0 2.42E-18 0.00E+00 0.00E+00 0.00E+00 0.00E+00 0.00E+00 0.00E+00 2.42E-19 0.00E+00 0.00E+00 2.18E-18 0.00E+00
 1400.0 3.35E-16 0.00E+00 0.00E+00 0.00E+00 0.00E+00 0.00E+00 0.00E+00 3.35E-17 0.00E+00 0.00E+00 3.02E-16 0.00E+00
 1408.0 1.75E-18 0.00E+00 0.00E+00 0.00E+00 0.00E+00 0.00E+00 0.00E+00 1.16E-18 0.00E+00 0.00E+00 5.95E-19 0.00E+00
 1410.0 5.58E-17 0.00E+00 0.00E+00 0.00E+00 0.00E+00 0.00E+00 0.00E+00 4.46E-17 0.00E+00 0.00E+00 1.12E-17 0.00E+00
 1420.0 2.16E-18 0.00E+00 0.00E+00 0.00E+00 0.00E+00 0.00E+00 0.00E+00 1.75E-18 0.00E+00 0.00E+00 0.00E+00 4.09E-19
 1430.0 1.23E-17 0.00E+00 0.00E+00 0.00E+00 0.00E+00 0.00E+00 0.00E+00 1.01E-17 0.00E+00 0.00E+00 0.00E+00 2.20E-18
 1434.0 4.84E-18 0.00E+00 0.00E+00 0.00E+00 0.00E+00 0.00E+00 0.00E+00 3.99E-18 0.00E+00 0.00E+00 0.00E+00 8.46E-19
 1440.0 2.23E-17 0.00E+00 0.00E+00 0.00E+00 0.00E+00 0.00E+00 0.00E+00 1.85E-17 0.00E+00 0.00E+00 0.00E+00 3.76E-18
 1450.0 7.63E-18 0.00E+00 0.00E+00 0.00E+00 0.00E+00 0.00E+00 0.00E+00 6.43E-18 0.00E+00 0.00E+00 0.00E+00 1.20E-18
 1455.0 6.70E-17 0.00E+00 0.00E+00 0.00E+00 0.00E+00 0.00E+00 0.00E+00 5.68E-17 0.00E+00 0.00E+00 0.00E+00 1.02E-17
 1465.0 2.05E-17 0.00E+00 0.00E+00 0.00E+00 0.00E+00 0.00E+00 0.00E+00 1.76E-17 0.00E+00 0.00E+00 0.00E+00 2.91E-18
 1472.0 1.38E-16 0.00E+00 0.00E+00 0.00E+00 0.00E+00 0.00E+00 0.00E+00 1.19E-16 0.00E+00 0.00E+00 0.00E+00 1.86E-17
 1482.0 2.33E-17 0.00E+00 0.00E+00 0.00E+00 0.00E+00 0.00E+00 0.00E+00 2.04E-17 0.00E+00 0.00E+00 0.00E+00 2.89E-18
 1490.0 2.51E-16 0.00E+00 0.00E+00 0.00E+00 0.00E+00 0.00E+00 0.00E+00 2.22E-16 0.00E+00 0.00E+00 0.00E+00 2.91E-17
 1501.0 3.35E-17 0.00E+00 0.00E+00 0.00E+00 0.00E+00 0.00E+00 0.00E+00 3.00E-17 0.00E+00 0.00E+00 0.00E+00 3.49E-18
 1506.0 2.79E-16 0.00E+00 0.00E+00 0.00E+00 0.00E+00 0.00E+00 0.00E+00 2.51E-16 0.00E+00 0.00E+00 0.00E+00 2.76E-17
 1512.0 4.46E-17 0.00E+00 0.00E+00 0.00E+00 0.00E+00 0.00E+00 0.00E+00 4.05E-17 0.00E+00 0.00E+00 0.00E+00 4.13E-18
 1522.0 3.53E-16 0.00E+00 0.00E+00 0.00E+00 0.00E+00 0.00E+00 0.00E+00 3.24E-16 0.00E+00 0.00E+00 0.00E+00 2.90E-17
 1535.0 5.58E-17 0.00E+00 0.00E+00 0.00E+00 0.00E+00 0.00E+00 0.00E+00 5.20E-17 0.00E+00 0.00E+00 0.00E+00 3.82E-18
 1546.0 3.39E-16 0.00E+00 0.00E+00 0.00E+00 0.00E+00 0.00E+00 0.00E+00 3.20E-16 0.00E+00 0.00E+00 0.00E+00 1.93E-17
 1555.0 7.44E-17 0.00E+00 0.00E+00 0.00E+00 0.00E+00 0.00E+00 0.00E+00 7.09E-17 0.00E+00 0.00E+00 0.00E+00 3.52E-18
 1570.0 1.12E-16 0.00E+00 0.00E+00 0.00E+00 0.00E+00 0.00E+00 0.00E+00 1.08E-16 0.00E+00 0.00E+00 0.00E+00 3.54E-18
 1575.0 6.32E-17 0.00E+00 0.00E+00 0.00E+00 0.00E+00 0.00E+00 0.00E+00 6.15E-17 0.00E+00 0.00E+00 0.00E+00 1.66E-18
 1600.0 1.86E-17 0.00E+00 0.00E+00 0.00E+00 0.00E+00 0.00E+00 0.00E+00 1.86E-17 0.00E+00 0.00E+00 0.00E+00 0.00E+00
 1625.0 1.49E-17 0.00E+00 0.00E+00 0.00E+00 0.00E+00 0.00E+00 0.00E+00 6.83E-18 0.00E+00 8.07E-18 0.00E+00 0.00E+00
 1650.0 2.23E-17 0.00E+00 0.00E+00 0.00E+00 0.00E+00 0.00E+00 0.00E+00 5.57E-18 0.00E+00 1.67E-17 0.00E+00 0.00E+00
 1675.0 2.79E-17 0.00E+00 0.00E+00 0.00E+00 0.00E+00 0.00E+00 0.00E+00 6.28E-18 0.00E+00 2.16E-17 0.00E+00 0.00E+00
 1700.0 2.49E-17 0.00E+00 0.00E+00 0.00E+00 0.00E+00 0.00E+00 0.00E+00 4.98E-18 0.00E+00 1.99E-17 0.00E+00 0.00E+00
 1820.0 7.00E-19 0.00E+00 0.00E+00 0.00E+00 0.00E+00 0.00E+00 0.00E+00 1.00E-19 7.00E-20 4.90E-19 0.00E+00 4.00E-20
 1821.0 7.00E-19 0.00E+00 0.00E+00 0.00E+00 0.00E+00 0.00E+00 0.00E+00 9.97E-20 0.00E+00 4.90E-19 0.00E+00 1.10E-19
 1850.0 2.12E-20 0.00E+00 0.00E+00 0.00E+00 0.00E+00 0.00E+00 0.00E+00 2.73E-21 0.00E+00 1.48E-20 0.00E+00 3.68E-21
 1860.0 1.25E-19 0.00E+00 0.00E+00 0.00E+00 0.00E+00 0.00E+00 0.00E+00 1.55E-20 0.00E+00 8.72E-20 0.00E+00 2.23E-20
 1870.0 7.02E-20 0.00E+00 0.00E+00 0.00E+00 0.00E+00 0.00E+00 0.00E+00 8.36E-21 0.00E+00 4.89E-20 0.00E+00 1.29E-20
 1880.0 5.09E-20 0.00E+00 0.00E+00 0.00E+00 0.00E+00 0.00E+00 0.00E+00 5.82E-21 0.00E+00 3.54E-20 0.00E+00 9.65E-21
 1890.0 2.76E-20 0.00E+00 0.00E+00 0.00E+00 0.00E+00 0.00E+00 0.00E+00 3.02E-21 0.00E+00 1.92E-20 0.00E+00 5.38E-21
 1900.0 2.35E-20 0.00E+00 0.00E+00 0.00E+00 0.00E+00 0.00E+00 0.00E+00 2.46E-21 0.00E+00 1.63E-20 0.00E+00 4.71E-21
 1910.0 1.62E-20 0.00E+00 0.00E+00 0.00E+00 0.00E+00 0.00E+00 0.00E+00 1.62E-21 0.00E+00 1.12E-20 0.00E+00 3.33E-21
 1920.0 1.58E-20 0.00E+00 0.00E+00 0.00E+00 0.00E+00 0.00E+00 0.00E+00 1.50E-21 0.00E+00 1.10E-20 0.00E+00 3.34E-21
 1930.0 1.49E-20 0.00E+00 0.00E+00 0.00E+00 0.00E+00 0.00E+00 0.00E+00 1.35E-21 0.00E+00 1.03E-20 0.00E+00 3.23E-21
 1940.0 1.64E-20 0.00E+00 0.00E+00 0.00E+00 0.00E+00 0.00E+00 0.00E+00 1.41E-21 0.00E+00 1.14E-20 0.00E+00 3.64E-21
 1950.0 1.81E-20 0.00E+00 0.00E+00 0.00E+00 0.00E+00 0.00E+00 0.00E+00 1.47E-21 0.00E+00 1.25E-20 0.00E+00 4.12E-21
 1960.0 2.10E-20 0.00E+00 0.00E+00 0.00E+00 0.00E+00 0.00E+00 0.00E+00 1.60E-21 0.00E+00 1.45E-20 0.00E+00 4.89E-21
 1970.0 2.42E-20 0.00E+00 0.00E+00 0.00E+00 0.00E+00 0.00E+00 0.00E+00 1.73E-21 0.00E+00 1.67E-20 0.00E+00 5.76E-21
 1980.0 2.82E-20 0.00E+00 0.00E+00 0.00E+00 0.00E+00 0.00E+00 0.00E+00 1.88E-21 0.00E+00 1.95E-20 0.00E+00 6.87E-21
 1990.0 3.30E-20 0.00E+00 0.00E+00 0.00E+00 0.00E+00 0.00E+00 0.00E+00 2.04E-21 0.00E+00 2.27E-20 0.00E+00 8.22E-21
 2000.0 3.83E-20 0.00E+00 0.00E+00 0.00E+00 0.00E+00 0.00E+00 0.00E+00 2.19E-21 0.00E+00 2.64E-20 0.00E+00 9.74E-21
 2010.0 4.57E-20 0.00E+00 0.00E+00 0.00E+00 0.00E+00 0.00E+00 0.00E+00 2.39E-21 0.00E+00 3.14E-20 0.00E+00 1.19E-20
 2020.0 5.15E-20 0.00E+00 0.00E+00 0.00E+00 0.00E+00 0.00E+00 0.00E+00 2.45E-21 0.00E+00 3.54E-20 0.00E+00 1.37E-20
 2030.0 6.21E-20 0.00E+00 0.00E+00 0.00E+00 0.00E+00 0.00E+00 0.00E+00 2.66E-21 0.00E+00 4.26E-20 0.00E+00 1.68E-20
 2040.0 7.06E-20 0.00E+00 0.00E+00 0.00E+00 0.00E+00 0.00E+00 0.00E+00 2.69E-21 0.00E+00 4.84E-20 0.00E+00 1.95E-20
 2050.0 8.02E-20 0.00E+00 0.00E+00 0.00E+00 0.00E+00 0.00E+00 0.00E+00 2.67E-21 0.00E+00 5.50E-20 0.00E+00 2.26E-20
 2060.0 9.48E-20 0.00E+00 0.00E+00 0.00E+00 0.00E+00 0.00E+00 0.00E+00 2.71E-21 0.00E+00 6.49E-20 0.00E+00 2.72E-20
 2070.0 1.05E-19 0.00E+00 0.00E+00 0.00E+00 0.00E+00 0.00E+00 0.00E+00 2.50E-21 0.00E+00 7.18E-20 0.00E+00 3.07E-20
 2080.0 1.21E-19 0.00E+00 0.00E+00 0.00E+00 0.00E+00 0.00E+00 0.00E+00 2.30E-21 0.00E+00 8.27E-20 0.00E+00 3.60E-20
 2090.0 1.35E-19 0.00E+00 0.00E+00 0.00E+00 0.00E+00 0.00E+00 0.00E+00 1.93E-21 0.00E+00 9.22E-20 0.00E+00 4.09E-20
 2100.0 1.51E-19 0.00E+00 0.00E+00 0.00E+00 0.00E+00 0.00E+00 0.00E+00 1.44E-21 0.00E+00 1.03E-19 0.00E+00 4.66E-20
 2110.0 1.70E-19 0.00E+00 0.00E+00 0.00E+00 0.00E+00 0.00E+00 0.00E+00 8.10E-22 0.00E+00 1.16E-19 0.00E+00 5.34E-20
 2120.0 1.81E-19 0.00E+00 0.00E+00 0.00E+00 0.00E+00 0.00E+00 0.00E+00 0.00E+00 0.00E+00 1.23E-19 0.00E+00 5.78E-20
 2130.0 2.03E-19 0.00E+00 0.00E+00 0.00E+00 0.00E+00 0.00E+00 0.00E+00 0.00E+00 0.00E+00 1.38E-19 0.00E+00 6.49E-20
 2140.0 2.22E-19 0.00E+00 0.00E+00 0.00E+00 0.00E+00 0.00E+00 0.00E+00 0.00E+00 0.00E+00 1.51E-19 0.00E+00 7.12E-20
 2150.0 2.31E-19 0.00E+00 0.00E+00 0.00E+00 0.00E+00 0.00E+00 0.00E+00 0.00E+00 0.00E+00 1.57E-19 0.00E+00 7.42E-20
 2160.0 2.53E-19 0.00E+00 0.00E+00 0.00E+00 0.00E+00 0.00E+00 0.00E+00 0.00E+00 0.00E+00 1.72E-19 0.00E+00 8.14E-20
 2170.0 2.72E-19 0.00E+00 0.00E+00 0.00E+00 0.00E+00 0.00E+00 0.00E+00 0.00E+00 0.00E+00 1.84E-19 0.00E+00 8.77E-20
 2180.0 2.69E-19 0.00E+00 0.00E+00 0.00E+00 0.00E+00 0.00E+00 0.00E+00 0.00E+00 0.00E+00 1.82E-19 0.00E+00 8.69E-20
 2190.0 2.82E-19 0.00E+00 0.00E+00 0.00E+00 0.00E+00 0.00E+00 0.00E+00 0.00E+00 0.00E+00 1.91E-19 0.00E+00 9.13E-20
 2200.0 3.02E-19 0.00E+00 0.00E+00 0.00E+00 0.00E+00 0.00E+00 0.00E+00 0.00E+00 0.00E+00 2.04E-19 0.00E+00 9.80E-20
 2210.0 2.92E-19 0.00E+00 0.00E+00 0.00E+00 0.00E+00 0.00E+00 0.00E+00 0.00E+00 0.00E+00 1.97E-19 0.00E+00 9.49E-20
 2220.0 2.94E-19 0.00E+00 0.00E+00 0.00E+00 0.00E+00 0.00E+00 0.00E+00 0.00E+00 0.00E+00 1.98E-19 0.00E+00 9.57E-20
 2230.0 3.05E-19 0.00E+00 0.00E+00 0.00E+00 0.00E+00 0.00E+00 0.00E+00 0.00E+00 0.00E+00 2.05E-19 0.00E+00 9.95E-20
 2240.0 2.89E-19 0.00E+00 0.00E+00 0.00E+00 0.00E+00 0.00E+00 0.00E+00 0.00E+00 0.00E+00 1.95E-19 0.00E+00 9.45E-20
 2250.0 2.84E-19 0.00E+00 0.00E+00 0.00E+00 0.00E+00 0.00E+00 0.00E+00 0.00E+00 0.00E+00 1.91E-19 0.00E+00 9.30E-20
 2260.0 2.79E-19 0.00E+00 0.00E+00 0.00E+00 0.00E+00 0.00E+00 0.00E+00 0.00E+00 0.00E+00 1.87E-19 0.00E+00 9.16E-20
 2270.0 2.58E-19 0.00E+00 0.00E+00 0.00E+00 0.00E+00 0.00E+00 0.00E+00 0.00E+00 0.00E+00 1.73E-19 0.00E+00 8.48E-20
 2280.0 2.46E-19 0.00E+00 0.00E+00 0.00E+00 0.00E+00 0.00E+00 0.00E+00 0.00E+00 0.00E+00 1.65E-19 0.00E+00 8.11E-20
 2290.0 2.34E-19 0.00E+00 0.00E+00 0.00E+00 0.00E+00 0.00E+00 0.00E+00 0.00E+00 0.00E+00 1.57E-19 0.00E+00 7.71E-20
 2300.0 2.15E-19 0.00E+00 0.00E+00 0.00E+00 0.00E+00 0.00E+00 0.00E+00 0.00E+00 0.00E+00 1.45E-19 0.00E+00 7.02E-20
 2310.0 1.88E-19 0.00E+00 0.00E+00 0.00E+00 0.00E+00 0.00E+00 0.00E+00 0.00E+00 0.00E+00 1.27E-19 0.00E+00 6.09E-20
 2320.0 1.76E-19 0.00E+00 0.00E+00 0.00E+00 0.00E+00 0.00E+00 0.00E+00 0.00E+00 0.00E+00 1.20E-19 0.00E+00 5.65E-20
 2330.0 1.60E-19 0.00E+00 0.00E+00 0.00E+00 0.00E+00 0.00E+00 0.00E+00 0.00E+00 0.00E+00 1.09E-19 0.00E+00 5.09E-20
 2340.0 1.38E-19 0.00E+00 0.00E+00 0.00E+00 0.00E+00 0.00E+00 0.00E+00 0.00E+00 0.00E+00 9.45E-20 0.00E+00 4.35E-20
 2350.0 1.20E-19 0.00E+00 0.00E+00 0.00E+00 0.00E+00 0.00E+00 0.00E+00 0.00E+00 0.00E+00 8.25E-20 0.00E+00 3.75E-20
 2360.0 1.07E-19 0.00E+00 0.00E+00 0.00E+00 0.00E+00 0.00E+00 0.00E+00 0.00E+00 0.00E+00 7.39E-20 0.00E+00 3.31E-20
 2370.0 9.37E-20 0.00E+00 0.00E+00 0.00E+00 0.00E+00 0.00E+00 0.00E+00 0.00E+00 0.00E+00 6.49E-20 0.00E+00 2.88E-20
 2380.0 7.96E-20 0.00E+00 0.00E+00 0.00E+00 0.00E+00 0.00E+00 0.00E+00 0.00E+00 0.00E+00 5.54E-20 0.00E+00 2.42E-20
 2390.0 6.71E-20 0.00E+00 0.00E+00 0.00E+00 0.00E+00 0.00E+00 0.00E+00 0.00E+00 0.00E+00 4.69E-20 0.00E+00 2.02E-20
 2400.0 5.78E-20 0.00E+00 0.00E+00 0.00E+00 0.00E+00 0.00E+00 0.00E+00 0.00E+00 0.00E+00 4.05E-20 0.00E+00 1.73E-20
 2410.0 5.00E-20 0.00E+00 0.00E+00 0.00E+00 0.00E+00 0.00E+00 0.00E+00 0.00E+00 0.00E+00 3.52E-20 0.00E+00 1.48E-20
 2420.0 4.20E-20 0.00E+00 0.00E+00 0.00E+00 0.00E+00 0.00E+00 0.00E+00 0.00E+00 0.00E+00 2.97E-20 0.00E+00 1.23E-20
 2430.0 3.48E-20 0.00E+00 0.00E+00 0.00E+00 0.00E+00 0.00E+00 0.00E+00 0.00E+00 0.00E+00 2.47E-20 0.00E+00 1.01E-20
 2440.0 2.88E-20 0.00E+00 0.00E+00 0.00E+00 0.00E+00 0.00E+00 0.00E+00 0.00E+00 0.00E+00 2.05E-20 0.00E+00 8.27E-21
 2450.0 2.46E-20 0.00E+00 0.00E+00 0.00E+00 0.00E+00 0.00E+00 0.00E+00 0.00E+00 0.00E+00 1.76E-20 0.00E+00 7.00E-21
 2460.0 2.05E-20 0.00E+00 0.00E+00 0.00E+00 0.00E+00 0.00E+00 0.00E+00 0.00E+00 0.00E+00 1.47E-20 0.00E+00 5.77E-21
 2470.0 1.69E-20 0.00E+00 0.00E+00 0.00E+00 0.00E+00 0.00E+00 0.00E+00 0.00E+00 0.00E+00 1.22E-20 0.00E+00 4.71E-21
 2480.0 1.40E-20 0.00E+00 0.00E+00 0.00E+00 0.00E+00 0.00E+00 0.00E+00 0.00E+00 0.00E+00 1.01E-20 0.00E+00 3.86E-21
 2490.0 1.15E-20 0.00E+00 0.00E+00 0.00E+00 0.00E+00 0.00E+00 0.00E+00 0.00E+00 0.00E+00 8.36E-21 0.00E+00 3.14E-21
 2500.0 9.74E-21 0.00E+00 0.00E+00 0.00E+00 0.00E+00 0.00E+00 0.00E+00 0.00E+00 0.00E+00 7.11E-21 0.00E+00 2.63E-21
 2510.0 7.56E-21 0.00E+00 0.00E+00 0.00E+00 0.00E+00 0.00E+00 0.00E+00 0.00E+00 0.00E+00 5.54E-21 0.00E+00 2.02E-21
 2520.0 6.13E-21 0.00E+00 0.00E+00 0.00E+00 0.00E+00 0.00E+00 0.00E+00 0.00E+00 0.00E+00 4.51E-21 0.00E+00 1.62E-21
 2530.0 5.01E-21 0.00E+00 0.00E+00 0.00E+00 0.00E+00 0.00E+00 0.00E+00 0.00E+00 0.00E+00 3.70E-21 0.00E+00 1.31E-21
 2540.0 4.06E-21 0.00E+00 0.00E+00 0.00E+00 0.00E+00 0.00E+00 0.00E+00 0.00E+00 0.00E+00 3.00E-21 0.00E+00 1.06E-21
 2550.0 3.32E-21 0.00E+00 0.00E+00 0.00E+00 0.00E+00 0.00E+00 0.00E+00 0.00E+00 0.00E+00 2.43E-21 0.00E+00 8.91E-22
 2560.0 2.71E-21 0.00E+00 0.00E+00 0.00E+00 0.00E+00 0.00E+00 0.00E+00 0.00E+00 0.00E+00 1.97E-21 0.00E+00 7.45E-22
 2570.0 2.19E-21 0.00E+00 0.00E+00 0.00E+00 0.00E+00 0.00E+00 0.00E+00 0.00E+00 0.00E+00 1.57E-21 0.00E+00 6.16E-22
 2580.0 1.71E-21 0.00E+00 0.00E+00 0.00E+00 0.00E+00 0.00E+00 0.00E+00 0.00E+00 0.00E+00 1.22E-21 0.00E+00 4.92E-22
 2590.0 1.36E-21 0.00E+00 0.00E+00 0.00E+00 0.00E+00 0.00E+00 0.00E+00 0.00E+00 0.00E+00 9.60E-22 0.00E+00 4.00E-22
 2600.0 1.11E-21 0.00E+00 0.00E+00 0.00E+00 0.00E+00 0.00E+00 0.00E+00 0.00E+00 0.00E+00 7.76E-22 0.00E+00 3.34E-22
 2610.0 9.05E-22 0.00E+00 0.00E+00 0.00E+00 0.00E+00 0.00E+00 0.00E+00 0.00E+00 0.00E+00 6.27E-22 0.00E+00 2.78E-22
 2620.0 7.30E-22 0.00E+00 0.00E+00 0.00E+00 0.00E+00 0.00E+00 0.00E+00 0.00E+00 0.00E+00 5.01E-22 0.00E+00 2.29E-22
 2630.0 6.11E-22 0.00E+00 0.00E+00 0.00E+00 0.00E+00 0.00E+00 0.00E+00 0.00E+00 0.00E+00 4.16E-22 0.00E+00 1.95E-22
 2640.0 4.93E-22 0.00E+00 0.00E+00 0.00E+00 0.00E+00 0.00E+00 0.00E+00 0.00E+00 0.00E+00 3.32E-22 0.00E+00 1.61E-22
 2650.0 4.03E-22 0.00E+00 0.00E+00 0.00E+00 0.00E+00 0.00E+00 0.00E+00 0.00E+00 0.00E+00 2.69E-22 0.00E+00 1.34E-22
 2660.0 3.39E-22 0.00E+00 0.00E+00 0.00E+00 0.00E+00 0.00E+00 0.00E+00 0.00E+00 0.00E+00 2.24E-22 0.00E+00 1.15E-22
 2670.0 2.68E-22 0.00E+00 0.00E+00 0.00E+00 0.00E+00 0.00E+00 0.00E+00 0.00E+00 0.00E+00 1.75E-22 0.00E+00 9.26E-23
 2680.0 2.14E-22 0.00E+00 0.00E+00 0.00E+00 0.00E+00 0.00E+00 0.00E+00 0.00E+00 0.00E+00 1.39E-22 0.00E+00 7.53E-23
 2690.0 1.92E-22 0.00E+00 0.00E+00 0.00E+00 0.00E+00 0.00E+00 0.00E+00 0.00E+00 0.00E+00 1.23E-22 0.00E+00 6.88E-23
 2700.0 1.52E-22 0.00E+00 0.00E+00 0.00E+00 0.00E+00 0.00E+00 0.00E+00 0.00E+00 0.00E+00 9.65E-23 0.00E+00 5.55E-23
 2710.0 1.16E-22 0.00E+00 0.00E+00 0.00E+00 0.00E+00 0.00E+00 0.00E+00 0.00E+00 0.00E+00 7.29E-23 0.00E+00 4.31E-23
 2720.0 1.06E-22 0.00E+00 0.00E+00 0.00E+00 0.00E+00 0.00E+00 0.00E+00 0.00E+00 0.00E+00 6.60E-23 0.00E+00 4.00E-23
 2730.0 9.21E-23 0.00E+00 0.00E+00 0.00E+00 0.00E+00 0.00E+00 0.00E+00 0.00E+00 0.00E+00 5.67E-23 0.00E+00 3.54E-23
 2740.0 6.30E-23 0.00E+00 0.00E+00 0.00E+00 0.00E+00 0.00E+00 0.00E+00 0.00E+00 0.00E+00 3.84E-23 0.00E+00 2.46E-23
 2750.0 5.26E-23 0.00E+00 0.00E+00 0.00E+00 0.00E+00 0.00E+00 0.00E+00 0.00E+00 0.00E+00 3.17E-23 0.00E+00 2.09E-23
 2760.0 5.61E-23 0.00E+00 0.00E+00 0.00E+00 0.00E+00 0.00E+00 0.00E+00 0.00E+00 0.00E+00 3.35E-23 0.00E+00 2.26E-23
 2770.0 3.96E-23 0.00E+00 0.00E+00 0.00E+00 0.00E+00 0.00E+00 0.00E+00 0.00E+00 0.00E+00 2.34E-23 0.00E+00 1.62E-23
 2780.0 2.81E-23 0.00E+00 0.00E+00 0.00E+00 0.00E+00 0.00E+00 0.00E+00 0.00E+00 0.00E+00 1.64E-23 0.00E+00 1.17E-23
 2790.0 2.50E-23 0.00E+00 0.00E+00 0.00E+00 0.00E+00 0.00E+00 0.00E+00 0.00E+00 0.00E+00 1.44E-23 0.00E+00 1.06E-23
 2800.0 2.38E-23 0.00E+00 0.00E+00 0.00E+00 0.00E+00 0.00E+00 0.00E+00 0.00E+00 0.00E+00 1.36E-23 0.00E+00 1.02E-23
 2810.0 1.44E-23 0.00E+00 0.00E+00 0.00E+00 0.00E+00 0.00E+00 0.00E+00 0.00E+00 0.00E+00 8.13E-24 0.00E+00 6.27E-24
 2820.0 1.16E-23 0.00E+00 0.00E+00 0.00E+00 0.00E+00 0.00E+00 0.00E+00 0.00E+00 0.00E+00 6.47E-24 0.00E+00 5.13E-24
 2830.0 1.31E-23 0.00E+00 0.00E+00 0.00E+00 0.00E+00 0.00E+00 0.00E+00 0.00E+00 0.00E+00 7.22E-24 0.00E+00 5.88E-24
 2840.0 9.90E-24 0.00E+00 0.00E+00 0.00E+00 0.00E+00 0.00E+00 0.00E+00 0.00E+00 0.00E+00 5.40E-24 0.00E+00 4.50E-24
 2850.0 6.10E-24 0.00E+00 0.00E+00 0.00E+00 0.00E+00 0.00E+00 0.00E+00 0.00E+00 0.00E+00 3.29E-24 0.00E+00 2.81E-24
 2860.0 6.20E-24 0.00E+00 0.00E+00 0.00E+00 0.00E+00 0.00E+00 0.00E+00 0.00E+00 0.00E+00 3.30E-24 0.00E+00 2.90E-24
 2870.0 6.80E-24 0.00E+00 0.00E+00 0.00E+00 0.00E+00 0.00E+00 0.00E+00 0.00E+00 0.00E+00 3.58E-24 0.00E+00 3.22E-24
 2880.0 4.80E-24 0.00E+00 0.00E+00 0.00E+00 0.00E+00 0.00E+00 0.00E+00 0.00E+00 0.00E+00 2.49E-24 0.00E+00 2.31E-24
 2890.0 3.40E-24 0.00E+00 0.00E+00 0.00E+00 0.00E+00 0.00E+00 0.00E+00 0.00E+00 0.00E+00 1.74E-24 0.00E+00 1.66E-24
 2900.0 3.10E-24 0.00E+00 0.00E+00 0.00E+00 0.00E+00 0.00E+00 0.00E+00 0.00E+00 0.00E+00 1.57E-24 0.00E+00 1.53E-24
 2910.0 3.60E-24 0.00E+00 0.00E+00 0.00E+00 0.00E+00 0.00E+00 0.00E+00 0.00E+00 0.00E+00 1.80E-24 0.00E+00 1.80E-24
 2920.0 2.40E-24 0.00E+00 0.00E+00 0.00E+00 0.00E+00 0.00E+00 0.00E+00 0.00E+00 0.00E+00 0.00E+00 0.00E+00 2.40E-24
 2930.0 1.50E-24 0.00E+00 0.00E+00 0.00E+00 0.00E+00 0.00E+00 0.00E+00 0.00E+00 0.00E+00 0.00E+00 0.00E+00 1.50E-24
 2940.0 1.10E-24 0.00E+00 0.00E+00 0.00E+00 0.00E+00 0.00E+00 0.00E+00 0.00E+00 0.00E+00 0.00E+00 0.00E+00 1.10E-24
 2950.0 1.50E-24 0.00E+00 0.00E+00 0.00E+00 0.00E+00 0.00E+00 0.00E+00 0.00E+00 0.00E+00 0.00E+00 0.00E+00 1.50E-24
 2960.0 1.30E-24 0.00E+00 0.00E+00 0.00E+00 0.00E+00 0.00E+00 0.00E+00 0.00E+00 0.00E+00 0.00E+00 0.00E+00 1.30E-24
 3369.0 1.00E-27 0.00E+00 0.00E+00 0.00E+00 0.00E+00 0.00E+00 0.00E+00 0.00E+00 0.00E+00 0.00E+00 0.00E+00 1.00E-27
 3990.0 1.00E-32 0.00E+00 0.00E+00 0.00E+00 0.00E+00 0.00E+00 0.00E+00 0.00E+00 0.00E+00 0.00E+00 0.00E+00 1.00E-32
