 Lambda  Total   SO/O     S/O2     SO2band  SO2+    
    0.6 3.40E-22 0.00E+00 0.00E+00 0.00E+00 3.40E-22
    1.2 2.90E-21 0.00E+00 0.00E+00 0.00E+00 2.90E-21
    2.4 2.00E-20 0.00E+00 0.00E+00 0.00E+00 2.00E-20
    5.0 1.50E-19 0.00E+00 0.00E+00 0.00E+00 1.50E-19
    5.2 3.00E-20 0.00E+00 0.00E+00 0.00E+00 3.00E-20
    6.2 5.50E-20 0.00E+00 0.00E+00 0.00E+00 5.50E-20
   12.6 3.90E-19 0.00E+00 0.00E+00 0.00E+00 3.90E-19
   22.6 1.50E-19 0.00E+00 0.00E+00 0.00E+00 1.50E-19
   23.6 7.00E-19 0.00E+00 0.00E+00 0.00E+00 7.00E-19
   24.6 8.00E-19 0.00E+00 0.00E+00 0.00E+00 8.00E-19
   50.3 4.70E-18 0.00E+00 0.00E+00 0.00E+00 4.70E-18
   52.5 4.70E-18 0.00E+00 0.00E+00 0.00E+00 4.70E-18
   62.1 5.10E-18 0.00E+00 0.00E+00 0.00E+00 5.10E-18
   67.5 6.00E-18 0.00E+00 0.00E+00 0.00E+00 6.00E-18
   70.5 3.40E-18 0.00E+00 0.00E+00 0.00E+00 3.40E-18
   73.5 1.30E-18 0.00E+00 0.00E+00 0.00E+00 1.30E-18
  121.7 3.90E-18 0.00E+00 0.00E+00 0.00E+00 3.90E-18
  200.0 1.00E-17 0.00E+00 0.00E+00 0.00E+00 1.00E-17
  250.0 1.30E-17 0.00E+00 0.00E+00 0.00E+00 1.30E-17
  300.0 1.60E-17 0.00E+00 0.00E+00 0.00E+00 1.60E-17
  350.0 1.75E-17 0.00E+00 0.00E+00 0.00E+00 1.75E-17
  400.0 2.20E-17 0.00E+00 0.00E+00 0.00E+00 2.20E-17
  450.0 2.35E-17 0.00E+00 0.00E+00 0.00E+00 2.35E-17
  500.0 3.00E-17 0.00E+00 0.00E+00 0.00E+00 3.00E-17
  550.0 4.25E-17 0.00E+00 0.00E+00 0.00E+00 4.25E-17
  600.0 5.10E-17 0.00E+00 0.00E+00 0.00E+00 5.10E-17
  650.0 5.50E-17 0.00E+00 0.00E+00 0.00E+00 5.50E-17
  700.0 5.30E-17 0.00E+00 0.00E+00 0.00E+00 5.30E-17
  750.0 4.15E-17 0.00E+00 0.00E+00 0.00E+00 4.15E-17
  800.0 3.40E-17 0.00E+00 0.00E+00 0.00E+00 3.40E-17
  835.0 3.90E-17 0.00E+00 0.00E+00 0.00E+00 3.90E-17
 1065.0 1.97E-17 9.85E-18 9.85E-18 0.00E+00 0.00E+00
 1070.0 1.49E-17 7.45E-18 7.45E-18 0.00E+00 0.00E+00
 1080.0 2.16E-17 1.08E-17 1.08E-17 0.00E+00 0.00E+00
 1085.0 1.23E-17 6.15E-18 6.15E-18 0.00E+00 0.00E+00
 1090.0 1.49E-17 7.45E-18 7.45E-18 0.00E+00 0.00E+00
 1100.0 1.15E-17 5.75E-18 5.75E-18 0.00E+00 0.00E+00
 1108.0 1.86E-17 9.30E-18 9.30E-18 0.00E+00 0.00E+00
 1112.0 1.67E-17 8.35E-18 8.35E-18 0.00E+00 0.00E+00
 1120.0 2.98E-17 1.49E-17 1.49E-17 0.00E+00 0.00E+00
 1125.0 2.60E-17 1.30E-17 1.30E-17 0.00E+00 0.00E+00
 1135.0 4.46E-17 2.23E-17 2.23E-17 0.00E+00 0.00E+00
 1140.0 1.49E-17 7.45E-18 7.45E-18 0.00E+00 0.00E+00
 1145.0 2.79E-17 1.40E-17 1.40E-17 0.00E+00 0.00E+00
 1150.0 8.56E-18 4.28E-18 4.28E-18 0.00E+00 0.00E+00
 1160.0 7.44E-18 3.72E-18 3.72E-18 0.00E+00 0.00E+00
 1170.0 8.56E-18 4.28E-18 4.28E-18 0.00E+00 0.00E+00
 1180.0 7.44E-18 3.72E-18 3.72E-18 0.00E+00 0.00E+00
 1200.0 1.60E-17 8.00E-18 8.00E-18 0.00E+00 0.00E+00
 1220.0 3.44E-17 1.72E-17 1.72E-17 0.00E+00 0.00E+00
 1240.0 5.95E-17 2.98E-17 2.98E-17 0.00E+00 0.00E+00
 1255.0 1.30E-16 6.50E-17 6.50E-17 0.00E+00 0.00E+00
 1280.0 4.09E-17 2.05E-17 2.05E-17 0.00E+00 0.00E+00
 1305.0 1.04E-17 5.20E-18 5.20E-18 0.00E+00 0.00E+00
 1315.0 1.49E-17 7.45E-18 7.45E-18 0.00E+00 0.00E+00
 1320.0 1.15E-17 5.75E-18 5.75E-18 0.00E+00 0.00E+00
 1330.0 1.10E-17 5.50E-18 5.50E-18 0.00E+00 0.00E+00
 1340.0 1.08E-17 5.40E-18 5.40E-18 0.00E+00 0.00E+00
 1345.0 3.27E-18 1.63E-18 1.63E-18 0.00E+00 0.00E+00
 1350.0 4.46E-18 2.23E-18 2.23E-18 0.00E+00 0.00E+00
 1360.0 3.16E-18 1.58E-18 1.58E-18 0.00E+00 0.00E+00
 1395.0 3.72E-18 1.86E-18 1.86E-18 0.00E+00 0.00E+00
 1400.0 3.35E-18 1.67E-18 1.67E-18 0.00E+00 0.00E+00
 1422.0 4.46E-18 2.23E-18 2.23E-18 0.00E+00 0.00E+00
 1430.0 3.72E-18 1.86E-18 1.86E-18 0.00E+00 0.00E+00
 1435.0 4.09E-18 2.04E-18 2.04E-18 0.00E+00 0.00E+00
 1442.0 3.53E-18 1.76E-18 1.76E-18 0.00E+00 0.00E+00
 1447.0 4.84E-18 2.42E-18 2.42E-18 0.00E+00 0.00E+00
 1450.0 3.72E-18 1.86E-18 1.86E-18 0.00E+00 0.00E+00
 1458.0 5.58E-18 2.79E-18 2.79E-18 0.00E+00 0.00E+00
 1466.0 5.21E-18 2.61E-18 2.61E-18 0.00E+00 0.00E+00
 1470.0 5.95E-18 2.97E-18 2.97E-18 0.00E+00 0.00E+00
 1482.0 5.21E-18 2.61E-18 2.61E-18 0.00E+00 0.00E+00
 1485.0 6.32E-18 3.16E-18 3.16E-18 0.00E+00 0.00E+00
 1490.0 5.21E-18 2.61E-18 2.61E-18 0.00E+00 0.00E+00
 1502.0 6.70E-18 3.35E-18 3.35E-18 0.00E+00 0.00E+00
 1507.0 5.58E-18 2.79E-18 2.79E-18 0.00E+00 0.00E+00
 1513.0 6.32E-18 3.16E-18 3.16E-18 0.00E+00 0.00E+00
 1524.0 3.72E-18 1.86E-18 1.86E-18 0.00E+00 0.00E+00
 1528.0 5.95E-18 2.97E-18 2.97E-18 0.00E+00 0.00E+00
 1538.0 3.35E-18 1.67E-18 1.67E-18 0.00E+00 0.00E+00
 1544.0 5.95E-18 2.97E-18 2.97E-18 0.00E+00 0.00E+00
 1550.0 2.98E-18 1.49E-18 1.49E-18 0.00E+00 0.00E+00
 1558.0 5.58E-18 2.79E-18 2.79E-18 0.00E+00 0.00E+00
 1565.0 2.23E-18 1.12E-18 1.12E-18 0.00E+00 0.00E+00
 1573.0 3.34E-18 1.67E-18 1.67E-18 0.00E+00 0.00E+00
 1582.0 1.79E-18 8.95E-19 8.95E-19 0.00E+00 0.00E+00
 1587.0 2.23E-18 1.12E-18 1.12E-18 0.00E+00 0.00E+00
 1600.0 1.41E-18 7.05E-19 7.05E-19 0.00E+00 0.00E+00
 1640.0 3.72E-19 1.86E-19 1.86E-19 0.00E+00 0.00E+00
 1665.0 2.60E-19 1.30E-19 1.30E-19 0.00E+00 0.00E+00
 1675.0 3.35E-19 1.67E-19 1.67E-19 0.00E+00 0.00E+00
 1680.0 2.98E-19 1.49E-19 1.49E-19 0.00E+00 0.00E+00
 1685.0 3.72E-19 1.86E-19 1.86E-19 0.00E+00 0.00E+00
 1690.0 3.16E-19 1.58E-19 1.58E-19 0.00E+00 0.00E+00
 1695.0 5.21E-19 2.60E-19 2.60E-19 0.00E+00 0.00E+00
 1700.0 4.09E-19 2.04E-19 2.04E-19 0.00E+00 0.00E+00
 1711.0 3.82E-19 1.91E-19 1.91E-19 0.00E+00 0.00E+00
 1712.0 3.68E-19 1.84E-19 1.84E-19 0.00E+00 0.00E+00
 1713.0 4.25E-19 2.13E-19 2.13E-19 0.00E+00 0.00E+00
 1714.0 3.93E-19 1.96E-19 1.96E-19 0.00E+00 0.00E+00
 1715.0 5.45E-19 2.72E-19 2.72E-19 0.00E+00 0.00E+00
 1716.0 6.10E-19 3.05E-19 3.05E-19 0.00E+00 0.00E+00
 1717.0 6.20E-19 3.10E-19 3.10E-19 0.00E+00 0.00E+00
 1718.0 6.32E-19 3.16E-19 3.16E-19 0.00E+00 0.00E+00
 1719.0 5.72E-19 2.86E-19 2.86E-19 0.00E+00 0.00E+00
 1720.0 4.79E-19 2.40E-19 2.40E-19 0.00E+00 0.00E+00
 1721.0 4.56E-19 2.28E-19 2.28E-19 0.00E+00 0.00E+00
 1722.0 4.55E-19 2.27E-19 2.27E-19 0.00E+00 0.00E+00
 1723.0 4.86E-19 2.43E-19 2.43E-19 0.00E+00 0.00E+00
 1724.0 5.36E-19 2.68E-19 2.68E-19 0.00E+00 0.00E+00
 1725.0 6.33E-19 3.17E-19 3.17E-19 0.00E+00 0.00E+00
 1726.0 6.22E-19 3.11E-19 3.11E-19 0.00E+00 0.00E+00
 1727.0 6.77E-19 3.39E-19 3.39E-19 0.00E+00 0.00E+00
 1728.0 8.35E-19 4.17E-19 4.17E-19 0.00E+00 0.00E+00
 1729.0 8.06E-19 4.03E-19 4.03E-19 0.00E+00 0.00E+00
 1730.0 7.10E-19 3.55E-19 3.55E-19 0.00E+00 0.00E+00
 1731.0 6.36E-19 3.18E-19 3.18E-19 0.00E+00 0.00E+00
 1732.0 5.32E-19 2.66E-19 2.66E-19 0.00E+00 0.00E+00
 1733.0 4.50E-19 2.25E-19 2.25E-19 0.00E+00 0.00E+00
 1734.0 4.55E-19 2.27E-19 2.27E-19 0.00E+00 0.00E+00
 1735.0 6.17E-19 3.08E-19 3.08E-19 0.00E+00 0.00E+00
 1736.0 7.89E-19 3.95E-19 3.95E-19 0.00E+00 0.00E+00
 1737.0 1.06E-18 5.30E-19 5.30E-19 0.00E+00 0.00E+00
 1738.0 1.07E-18 5.35E-19 5.35E-19 0.00E+00 0.00E+00
 1739.0 9.24E-19 4.62E-19 4.62E-19 0.00E+00 0.00E+00
 1740.0 8.42E-19 4.21E-19 4.21E-19 0.00E+00 0.00E+00
 1741.0 7.51E-19 3.75E-19 3.75E-19 0.00E+00 0.00E+00
 1742.0 7.88E-19 3.94E-19 3.94E-19 0.00E+00 0.00E+00
 1743.0 6.93E-19 3.46E-19 3.46E-19 0.00E+00 0.00E+00
 1744.0 9.10E-19 4.55E-19 4.55E-19 0.00E+00 0.00E+00
 1745.0 8.40E-19 4.20E-19 4.20E-19 0.00E+00 0.00E+00
 1746.0 8.28E-19 4.14E-19 4.14E-19 0.00E+00 0.00E+00
 1747.0 8.21E-19 4.11E-19 4.11E-19 0.00E+00 0.00E+00
 1748.0 9.29E-19 4.65E-19 4.65E-19 0.00E+00 0.00E+00
 1749.0 1.09E-18 5.45E-19 5.45E-19 0.00E+00 0.00E+00
 1750.0 1.06E-18 5.30E-19 5.30E-19 0.00E+00 0.00E+00
 1751.0 1.06E-18 5.30E-19 5.30E-19 0.00E+00 0.00E+00
 1752.0 1.18E-18 5.90E-19 5.90E-19 0.00E+00 0.00E+00
 1753.0 1.36E-18 6.80E-19 6.80E-19 0.00E+00 0.00E+00
 1754.0 1.05E-18 5.25E-19 5.25E-19 0.00E+00 0.00E+00
 1755.0 8.17E-19 4.08E-19 4.08E-19 0.00E+00 0.00E+00
 1756.0 7.39E-19 3.69E-19 3.69E-19 0.00E+00 0.00E+00
 1757.0 9.48E-19 4.74E-19 4.74E-19 0.00E+00 0.00E+00
 1758.0 1.02E-18 5.10E-19 5.10E-19 0.00E+00 0.00E+00
 1759.0 9.23E-19 4.62E-19 4.62E-19 0.00E+00 0.00E+00
 1760.0 9.32E-19 4.66E-19 4.66E-19 0.00E+00 0.00E+00
 1761.0 1.47E-18 7.35E-19 7.35E-19 0.00E+00 0.00E+00
 1762.0 2.01E-18 1.01E-18 1.01E-18 0.00E+00 0.00E+00
 1763.0 1.51E-18 7.55E-19 7.55E-19 0.00E+00 0.00E+00
 1764.0 1.14E-18 5.70E-19 5.70E-19 0.00E+00 0.00E+00
 1765.0 1.18E-18 5.90E-19 5.90E-19 0.00E+00 0.00E+00
 1766.0 1.37E-18 6.85E-19 6.85E-19 0.00E+00 0.00E+00
 1767.0 1.11E-18 5.55E-19 5.55E-19 0.00E+00 0.00E+00
 1768.0 9.31E-19 4.66E-19 4.66E-19 0.00E+00 0.00E+00
 1769.0 8.54E-19 4.27E-19 4.27E-19 0.00E+00 0.00E+00
 1770.0 1.03E-18 5.15E-19 5.15E-19 0.00E+00 0.00E+00
 1771.0 1.98E-18 9.90E-19 9.90E-19 0.00E+00 0.00E+00
 1772.0 1.66E-18 8.30E-19 8.30E-19 0.00E+00 0.00E+00
 1773.0 1.47E-18 7.35E-19 7.35E-19 0.00E+00 0.00E+00
 1774.0 1.47E-18 7.35E-19 7.35E-19 0.00E+00 0.00E+00
 1775.0 2.16E-18 1.08E-18 1.08E-18 0.00E+00 0.00E+00
 1776.0 1.87E-18 9.35E-19 9.35E-19 0.00E+00 0.00E+00
 1777.0 1.38E-18 6.90E-19 6.90E-19 0.00E+00 0.00E+00
 1778.0 1.26E-18 6.30E-19 6.30E-19 0.00E+00 0.00E+00
 1779.0 1.16E-18 5.80E-19 5.80E-19 0.00E+00 0.00E+00
 1780.0 1.41E-18 7.05E-19 7.05E-19 0.00E+00 0.00E+00
 1781.0 1.59E-18 7.95E-19 7.95E-19 0.00E+00 0.00E+00
 1782.0 1.36E-18 6.80E-19 6.80E-19 0.00E+00 0.00E+00
 1783.0 1.36E-18 6.80E-19 6.80E-19 0.00E+00 0.00E+00
 1784.0 1.99E-18 9.95E-19 9.95E-19 0.00E+00 0.00E+00
 1785.0 2.41E-18 1.20E-18 1.20E-18 0.00E+00 0.00E+00
 1786.0 1.87E-18 9.35E-19 9.35E-19 0.00E+00 0.00E+00
 1787.0 2.11E-18 1.05E-18 1.05E-18 0.00E+00 0.00E+00
 1788.0 2.08E-18 1.04E-18 1.04E-18 0.00E+00 0.00E+00
 1789.0 1.96E-18 9.80E-19 9.80E-19 0.00E+00 0.00E+00
 1790.0 1.93E-18 9.65E-19 9.65E-19 0.00E+00 0.00E+00
 1791.0 1.69E-18 8.45E-19 8.45E-19 0.00E+00 0.00E+00
 1792.0 1.47E-18 7.35E-19 7.35E-19 0.00E+00 0.00E+00
 1793.0 1.72E-18 8.60E-19 8.60E-19 0.00E+00 0.00E+00
 1794.0 2.00E-18 1.00E-18 1.00E-18 0.00E+00 0.00E+00
 1795.0 1.68E-18 8.40E-19 8.40E-19 0.00E+00 0.00E+00
 1796.0 1.86E-18 9.30E-19 9.30E-19 0.00E+00 0.00E+00
 1797.0 2.20E-18 1.10E-18 1.10E-18 0.00E+00 0.00E+00
 1798.0 2.52E-18 1.26E-18 1.26E-18 0.00E+00 0.00E+00
 1799.0 2.66E-18 1.33E-18 1.33E-18 0.00E+00 0.00E+00
 1800.0 2.58E-18 1.29E-18 1.29E-18 0.00E+00 0.00E+00
 1801.0 2.18E-18 1.09E-18 1.09E-18 0.00E+00 0.00E+00
 1802.0 2.29E-18 1.15E-18 1.15E-18 0.00E+00 0.00E+00
 1803.0 2.20E-18 1.10E-18 1.10E-18 0.00E+00 0.00E+00
 1804.0 1.80E-18 9.00E-19 9.00E-19 0.00E+00 0.00E+00
 1805.0 1.58E-18 7.90E-19 7.90E-19 0.00E+00 0.00E+00
 1806.0 1.83E-18 9.15E-19 9.15E-19 0.00E+00 0.00E+00
 1807.0 1.80E-18 9.00E-19 9.00E-19 0.00E+00 0.00E+00
 1808.0 2.65E-18 1.33E-18 1.33E-18 0.00E+00 0.00E+00
 1809.0 2.55E-18 1.27E-18 1.27E-18 0.00E+00 0.00E+00
 1810.0 2.26E-18 1.13E-18 1.13E-18 0.00E+00 0.00E+00
 1811.0 2.59E-18 1.30E-18 1.30E-18 0.00E+00 0.00E+00
 1812.0 3.94E-18 1.97E-18 1.97E-18 0.00E+00 0.00E+00
 1813.0 3.36E-18 1.68E-18 1.68E-18 0.00E+00 0.00E+00
 1814.0 2.93E-18 1.46E-18 1.46E-18 0.00E+00 0.00E+00
 1815.0 2.20E-18 1.10E-18 1.10E-18 0.00E+00 0.00E+00
 1816.0 1.73E-18 8.65E-19 8.65E-19 0.00E+00 0.00E+00
 1817.0 2.10E-18 1.05E-18 1.05E-18 0.00E+00 0.00E+00
 1818.0 2.51E-18 1.26E-18 1.26E-18 0.00E+00 0.00E+00
 1819.0 2.19E-18 1.09E-18 1.09E-18 0.00E+00 0.00E+00
 1820.0 1.72E-18 8.60E-19 8.60E-19 0.00E+00 0.00E+00
 1821.0 2.41E-18 1.20E-18 1.20E-18 0.00E+00 0.00E+00
 1822.0 4.41E-18 2.20E-18 2.20E-18 0.00E+00 0.00E+00
 1823.0 4.13E-18 2.07E-18 2.07E-18 0.00E+00 0.00E+00
 1824.0 3.60E-18 1.80E-18 1.80E-18 0.00E+00 0.00E+00
 1825.0 2.79E-18 1.40E-18 1.40E-18 0.00E+00 0.00E+00
 1826.0 2.47E-18 1.23E-18 1.23E-18 0.00E+00 0.00E+00
 1827.0 2.89E-18 1.45E-18 1.45E-18 0.00E+00 0.00E+00
 1828.0 3.66E-18 1.83E-18 1.83E-18 0.00E+00 0.00E+00
 1829.0 2.97E-18 1.48E-18 1.48E-18 0.00E+00 0.00E+00
 1830.0 2.31E-18 1.16E-18 1.16E-18 0.00E+00 0.00E+00
 1831.0 1.97E-18 9.85E-19 9.85E-19 0.00E+00 0.00E+00
 1832.0 2.63E-18 1.31E-18 1.31E-18 0.00E+00 0.00E+00
 1833.0 2.63E-18 1.31E-18 1.31E-18 0.00E+00 0.00E+00
 1834.0 2.94E-18 1.47E-18 1.47E-18 0.00E+00 0.00E+00
 1835.0 2.88E-18 1.44E-18 1.44E-18 0.00E+00 0.00E+00
 1836.0 3.64E-18 1.82E-18 1.82E-18 0.00E+00 0.00E+00
 1837.0 4.77E-18 2.39E-18 2.39E-18 0.00E+00 0.00E+00
 1838.0 5.37E-18 2.68E-18 2.68E-18 0.00E+00 0.00E+00
 1839.0 4.16E-18 2.08E-18 2.08E-18 0.00E+00 0.00E+00
 1840.0 3.53E-18 1.76E-18 1.76E-18 0.00E+00 0.00E+00
 1841.0 2.95E-18 1.48E-18 1.48E-18 0.00E+00 0.00E+00
 1842.0 2.55E-18 1.27E-18 1.27E-18 0.00E+00 0.00E+00
 1843.0 2.22E-18 1.11E-18 1.11E-18 0.00E+00 0.00E+00
 1844.0 2.27E-18 1.13E-18 1.13E-18 0.00E+00 0.00E+00
 1845.0 2.16E-18 1.08E-18 1.08E-18 0.00E+00 0.00E+00
 1846.0 3.09E-18 1.55E-18 1.55E-18 0.00E+00 0.00E+00
 1847.0 5.59E-18 2.80E-18 2.80E-18 0.00E+00 0.00E+00
 1848.0 5.65E-18 2.82E-18 2.82E-18 0.00E+00 0.00E+00
 1849.0 4.31E-18 2.16E-18 2.16E-18 0.00E+00 0.00E+00
 1850.0 3.62E-18 1.81E-18 1.81E-18 0.00E+00 0.00E+00
 1851.0 4.16E-18 2.08E-18 2.08E-18 0.00E+00 0.00E+00
 1852.0 4.23E-18 2.11E-18 2.11E-18 0.00E+00 0.00E+00
 1853.0 4.41E-18 2.20E-18 2.20E-18 0.00E+00 0.00E+00
 1854.0 3.93E-18 1.96E-18 1.96E-18 0.00E+00 0.00E+00
 1855.0 3.17E-18 1.59E-18 1.59E-18 0.00E+00 0.00E+00
 1856.0 2.40E-18 1.20E-18 1.20E-18 0.00E+00 0.00E+00
 1857.0 3.40E-18 1.70E-18 1.70E-18 0.00E+00 0.00E+00
 1858.0 3.79E-18 1.89E-18 1.89E-18 0.00E+00 0.00E+00
 1859.0 3.19E-18 1.59E-18 1.59E-18 0.00E+00 0.00E+00
 1860.0 2.75E-18 1.38E-18 1.38E-18 0.00E+00 0.00E+00
 1861.0 4.58E-18 2.29E-18 2.29E-18 0.00E+00 0.00E+00
 1862.0 6.98E-18 3.49E-18 3.49E-18 0.00E+00 0.00E+00
 1863.0 6.14E-18 3.07E-18 3.07E-18 0.00E+00 0.00E+00
 1864.0 5.83E-18 2.91E-18 2.91E-18 0.00E+00 0.00E+00
 1865.0 5.49E-18 2.75E-18 2.75E-18 0.00E+00 0.00E+00
 1866.0 4.05E-18 2.03E-18 2.03E-18 0.00E+00 0.00E+00
 1867.0 3.46E-18 1.73E-18 1.73E-18 0.00E+00 0.00E+00
 1868.0 2.99E-18 1.49E-18 1.49E-18 0.00E+00 0.00E+00
 1869.0 3.36E-18 1.68E-18 1.68E-18 0.00E+00 0.00E+00
 1870.0 2.70E-18 1.35E-18 1.35E-18 0.00E+00 0.00E+00
 1871.0 2.38E-18 1.19E-18 1.19E-18 0.00E+00 0.00E+00
 1872.0 6.60E-18 3.30E-18 3.30E-18 0.00E+00 0.00E+00
 1873.0 7.57E-18 3.79E-18 3.79E-18 0.00E+00 0.00E+00
 1874.0 5.62E-18 2.81E-18 2.81E-18 0.00E+00 0.00E+00
 1875.0 4.42E-18 2.21E-18 2.21E-18 0.00E+00 0.00E+00
 1876.0 5.98E-18 2.99E-18 2.99E-18 0.00E+00 0.00E+00
 1877.0 5.17E-18 2.59E-18 2.59E-18 0.00E+00 0.00E+00
 1878.0 5.71E-18 2.85E-18 2.85E-18 0.00E+00 0.00E+00
 1879.0 5.06E-18 2.53E-18 2.53E-18 0.00E+00 0.00E+00
 1880.0 5.27E-18 2.63E-18 2.63E-18 0.00E+00 0.00E+00
 1881.0 4.18E-18 2.09E-18 2.09E-18 0.00E+00 0.00E+00
 1882.0 3.10E-18 1.55E-18 1.55E-18 0.00E+00 0.00E+00
 1883.0 4.78E-18 2.39E-18 2.39E-18 0.00E+00 0.00E+00
 1884.0 4.74E-18 2.37E-18 2.37E-18 0.00E+00 0.00E+00
 1885.0 3.40E-18 1.70E-18 1.70E-18 0.00E+00 0.00E+00
 1886.0 2.60E-18 1.30E-18 1.30E-18 0.00E+00 0.00E+00
 1887.0 7.03E-18 3.52E-18 3.52E-18 0.00E+00 0.00E+00
 1888.0 7.31E-18 3.66E-18 3.66E-18 0.00E+00 0.00E+00
 1889.0 7.13E-18 3.56E-18 3.56E-18 0.00E+00 0.00E+00
 1890.0 6.10E-18 3.05E-18 3.05E-18 0.00E+00 0.00E+00
 1891.0 5.98E-18 2.99E-18 2.99E-18 0.00E+00 0.00E+00
 1892.0 5.81E-18 2.90E-18 2.90E-18 0.00E+00 0.00E+00
 1893.0 5.89E-18 2.95E-18 2.95E-18 0.00E+00 0.00E+00
 1894.0 5.41E-18 2.70E-18 2.70E-18 0.00E+00 0.00E+00
 1895.0 4.64E-18 2.32E-18 2.32E-18 0.00E+00 0.00E+00
 1896.0 3.36E-18 1.68E-18 1.68E-18 0.00E+00 0.00E+00
 1897.0 2.25E-18 1.12E-18 1.12E-18 0.00E+00 0.00E+00
 1898.0 4.77E-18 2.39E-18 2.39E-18 0.00E+00 0.00E+00
 1899.0 8.78E-18 4.39E-18 4.39E-18 0.00E+00 0.00E+00
 1900.0 6.29E-18 3.14E-18 3.14E-18 0.00E+00 0.00E+00
 1901.0 4.80E-18 2.40E-18 2.40E-18 0.00E+00 0.00E+00
 1902.0 5.92E-18 2.96E-18 2.96E-18 0.00E+00 0.00E+00
 1903.0 5.50E-18 2.75E-18 2.75E-18 0.00E+00 0.00E+00
 1904.0 1.01E-17 5.05E-18 5.05E-18 0.00E+00 0.00E+00
 1905.0 8.69E-18 4.35E-18 4.35E-18 0.00E+00 0.00E+00
 1906.0 7.21E-18 3.60E-18 3.60E-18 0.00E+00 0.00E+00
 1907.0 5.77E-18 2.89E-18 2.89E-18 0.00E+00 0.00E+00
 1908.0 5.21E-18 2.61E-18 2.61E-18 0.00E+00 0.00E+00
 1909.0 4.07E-18 2.03E-18 2.03E-18 0.00E+00 0.00E+00
 1910.0 5.70E-18 2.85E-18 2.85E-18 0.00E+00 0.00E+00
 1911.0 4.54E-18 2.27E-18 2.27E-18 0.00E+00 0.00E+00
 1912.0 3.26E-18 1.63E-18 1.63E-18 0.00E+00 0.00E+00
 1913.0 5.09E-18 2.54E-18 2.54E-18 0.00E+00 0.00E+00
 1914.0 6.59E-18 3.30E-18 3.30E-18 0.00E+00 0.00E+00
 1915.0 8.36E-18 4.18E-18 4.18E-18 0.00E+00 0.00E+00
 1916.0 9.65E-18 4.83E-18 4.83E-18 0.00E+00 0.00E+00
 1917.0 6.82E-18 3.41E-18 3.41E-18 0.00E+00 0.00E+00
 1918.0 4.60E-18 2.30E-18 2.30E-18 0.00E+00 0.00E+00
 1919.0 8.61E-18 4.30E-18 4.30E-18 0.00E+00 0.00E+00
 1920.0 1.09E-17 5.45E-18 5.45E-18 0.00E+00 0.00E+00
 1921.0 9.13E-18 4.56E-18 4.56E-18 0.00E+00 0.00E+00
 1922.0 5.93E-18 2.97E-18 2.97E-18 0.00E+00 0.00E+00
 1923.0 4.28E-18 2.14E-18 2.14E-18 0.00E+00 0.00E+00
 1924.0 3.27E-18 1.63E-18 1.63E-18 0.00E+00 0.00E+00
 1925.0 4.83E-18 2.41E-18 2.41E-18 0.00E+00 0.00E+00
 1926.0 6.33E-18 3.17E-18 3.17E-18 0.00E+00 0.00E+00
 1927.0 6.78E-18 3.39E-18 3.39E-18 0.00E+00 0.00E+00
 1928.0 5.52E-18 2.76E-18 2.76E-18 0.00E+00 0.00E+00
 1929.0 3.86E-18 1.93E-18 1.93E-18 0.00E+00 0.00E+00
 1930.0 3.53E-18 1.76E-18 1.76E-18 0.00E+00 0.00E+00
 1931.0 1.01E-17 5.05E-18 5.05E-18 0.00E+00 0.00E+00
 1932.0 1.58E-17 7.90E-18 7.90E-18 0.00E+00 0.00E+00
 1933.0 1.19E-17 5.95E-18 5.95E-18 0.00E+00 0.00E+00
 1934.0 7.50E-18 3.75E-18 3.75E-18 0.00E+00 0.00E+00
 1935.0 7.78E-18 3.89E-18 3.89E-18 0.00E+00 0.00E+00
 1936.0 6.63E-18 3.32E-18 3.32E-18 0.00E+00 0.00E+00
 1937.0 5.12E-18 2.56E-18 2.56E-18 0.00E+00 0.00E+00
 1938.0 4.58E-18 2.29E-18 2.29E-18 0.00E+00 0.00E+00
 1939.0 4.55E-18 2.27E-18 2.27E-18 0.00E+00 0.00E+00
 1940.0 5.20E-18 2.60E-18 2.60E-18 0.00E+00 0.00E+00
 1941.0 4.74E-18 2.37E-18 2.37E-18 0.00E+00 0.00E+00
 1942.0 5.22E-18 2.61E-18 2.61E-18 0.00E+00 0.00E+00
 1943.0 5.46E-18 2.73E-18 2.73E-18 0.00E+00 0.00E+00
 1944.0 1.02E-17 5.10E-18 5.10E-18 0.00E+00 0.00E+00
 1945.0 7.51E-18 3.75E-18 3.75E-18 0.00E+00 0.00E+00
 1946.0 5.30E-18 2.65E-18 2.65E-18 0.00E+00 0.00E+00
 1947.0 1.07E-17 5.35E-18 5.35E-18 0.00E+00 0.00E+00
 1948.0 1.55E-17 7.75E-18 7.75E-18 0.00E+00 0.00E+00
 1949.0 1.22E-17 6.10E-18 6.10E-18 0.00E+00 0.00E+00
 1950.0 7.76E-18 3.88E-18 3.88E-18 0.00E+00 0.00E+00
 1951.0 5.61E-18 2.81E-18 2.81E-18 0.00E+00 0.00E+00
 1952.0 5.17E-18 2.59E-18 2.59E-18 0.00E+00 0.00E+00
 1953.0 4.93E-18 2.46E-18 2.46E-18 0.00E+00 0.00E+00
 1954.0 4.89E-18 2.45E-18 2.45E-18 0.00E+00 0.00E+00
 1955.0 4.77E-18 2.39E-18 2.39E-18 0.00E+00 0.00E+00
 1956.0 4.17E-18 2.09E-18 2.09E-18 0.00E+00 0.00E+00
 1957.0 2.99E-18 1.49E-18 1.49E-18 0.00E+00 0.00E+00
 1958.0 2.55E-18 1.27E-18 1.27E-18 0.00E+00 0.00E+00
 1959.0 5.09E-18 2.54E-18 2.54E-18 0.00E+00 0.00E+00
 1960.0 1.19E-17 5.95E-18 5.95E-18 0.00E+00 0.00E+00
 1961.0 1.99E-17 9.95E-18 9.95E-18 0.00E+00 0.00E+00
 1962.0 1.40E-17 7.00E-18 7.00E-18 0.00E+00 0.00E+00
 1963.0 1.13E-17 5.65E-18 5.65E-18 0.00E+00 0.00E+00
 1964.0 8.99E-18 4.50E-18 4.50E-18 0.00E+00 0.00E+00
 1965.0 7.07E-18 3.54E-18 3.54E-18 0.00E+00 0.00E+00
 1966.0 5.35E-18 2.68E-18 2.68E-18 0.00E+00 0.00E+00
 1967.0 4.70E-18 2.35E-18 2.35E-18 0.00E+00 0.00E+00
 1968.0 5.69E-18 2.84E-18 2.84E-18 0.00E+00 0.00E+00
 1969.0 5.23E-18 2.61E-18 2.61E-18 0.00E+00 0.00E+00
 1970.0 4.08E-18 2.04E-18 2.04E-18 0.00E+00 0.00E+00
 1971.0 3.51E-18 1.75E-18 1.75E-18 0.00E+00 0.00E+00
 1972.0 2.64E-18 1.32E-18 1.32E-18 0.00E+00 0.00E+00
 1973.0 6.27E-18 3.13E-18 3.13E-18 0.00E+00 0.00E+00
 1974.0 1.30E-17 6.50E-18 6.50E-18 0.00E+00 0.00E+00
 1975.0 1.15E-17 5.75E-18 5.75E-18 0.00E+00 0.00E+00
 1976.0 1.82E-17 9.10E-18 9.10E-18 0.00E+00 0.00E+00
 1977.0 1.38E-17 6.90E-18 6.90E-18 0.00E+00 0.00E+00
 1978.0 1.59E-17 7.95E-18 7.95E-18 0.00E+00 0.00E+00
 1979.0 1.11E-17 5.55E-18 5.55E-18 0.00E+00 0.00E+00
 1980.0 7.74E-18 3.87E-18 3.87E-18 0.00E+00 0.00E+00
 1981.0 7.36E-18 3.68E-18 3.68E-18 0.00E+00 0.00E+00
 1982.0 5.01E-18 2.51E-18 2.51E-18 0.00E+00 0.00E+00
 1983.0 4.15E-18 2.08E-18 2.08E-18 0.00E+00 0.00E+00
 1984.0 4.10E-18 2.05E-18 2.05E-18 0.00E+00 0.00E+00
 1985.0 3.82E-18 1.91E-18 1.91E-18 0.00E+00 0.00E+00
 1986.0 2.83E-18 1.41E-18 1.41E-18 0.00E+00 0.00E+00
 1987.0 2.02E-18 1.01E-18 1.01E-18 0.00E+00 0.00E+00
 1988.0 3.74E-18 1.87E-18 1.87E-18 0.00E+00 0.00E+00
 1989.0 1.01E-17 5.05E-18 5.05E-18 0.00E+00 0.00E+00
 1990.0 7.98E-18 3.99E-18 3.99E-18 0.00E+00 0.00E+00
 1991.0 1.86E-17 9.30E-18 9.30E-18 0.00E+00 0.00E+00
 1992.0 1.97E-17 9.85E-18 9.85E-18 0.00E+00 0.00E+00
 1993.0 1.30E-17 6.50E-18 6.50E-18 0.00E+00 0.00E+00
 1994.0 9.21E-18 4.60E-18 4.60E-18 0.00E+00 0.00E+00
 1995.0 6.23E-18 3.11E-18 3.11E-18 0.00E+00 0.00E+00
 1996.0 4.91E-18 2.46E-18 2.46E-18 0.00E+00 0.00E+00
 1997.0 5.93E-18 2.97E-18 2.97E-18 0.00E+00 0.00E+00
 1998.0 5.69E-18 2.84E-18 2.84E-18 0.00E+00 0.00E+00
 1999.0 4.29E-18 2.15E-18 2.15E-18 0.00E+00 0.00E+00
 2000.0 3.46E-18 1.73E-18 1.73E-18 0.00E+00 0.00E+00
 2001.0 2.56E-18 1.28E-18 1.28E-18 0.00E+00 0.00E+00
 2002.0 1.92E-18 9.60E-19 9.60E-19 0.00E+00 0.00E+00
 2003.0 1.30E-18 6.50E-19 6.50E-19 0.00E+00 0.00E+00
 2004.0 7.04E-18 3.52E-18 3.52E-18 0.00E+00 0.00E+00
 2005.0 1.90E-17 9.50E-18 9.50E-18 0.00E+00 0.00E+00
 2006.0 1.74E-17 8.70E-18 8.70E-18 0.00E+00 0.00E+00
 2007.0 1.16E-17 5.80E-18 5.80E-18 0.00E+00 0.00E+00
 2008.0 1.12E-17 5.60E-18 5.60E-18 0.00E+00 0.00E+00
 2009.0 9.54E-18 4.77E-18 4.77E-18 0.00E+00 0.00E+00
 2010.0 8.83E-18 4.42E-18 4.42E-18 0.00E+00 0.00E+00
 2011.0 6.86E-18 3.43E-18 3.43E-18 0.00E+00 0.00E+00
 2012.0 4.57E-18 2.29E-18 2.29E-18 0.00E+00 0.00E+00
 2013.0 4.03E-18 2.02E-18 2.02E-18 0.00E+00 0.00E+00
 2014.0 3.69E-18 1.84E-18 1.84E-18 0.00E+00 0.00E+00
 2015.0 3.55E-18 1.78E-18 1.78E-18 0.00E+00 0.00E+00
 2016.0 2.58E-18 1.29E-18 1.29E-18 0.00E+00 0.00E+00
 2017.0 1.85E-18 9.25E-19 9.25E-19 0.00E+00 0.00E+00
 2018.0 2.54E-18 1.27E-18 1.27E-18 0.00E+00 0.00E+00
 2019.0 9.59E-18 4.80E-18 4.80E-18 0.00E+00 0.00E+00
 2020.0 8.92E-18 4.46E-18 4.46E-18 0.00E+00 0.00E+00
 2021.0 8.33E-18 4.16E-18 4.16E-18 0.00E+00 0.00E+00
 2022.0 1.78E-17 8.90E-18 8.90E-18 0.00E+00 0.00E+00
 2023.0 1.62E-17 8.10E-18 8.10E-18 0.00E+00 0.00E+00
 2024.0 1.03E-17 5.15E-18 5.15E-18 0.00E+00 0.00E+00
 2025.0 7.16E-18 3.58E-18 3.58E-18 0.00E+00 0.00E+00
 2026.0 5.04E-18 2.52E-18 2.52E-18 0.00E+00 0.00E+00
 2027.0 4.81E-18 2.40E-18 2.40E-18 0.00E+00 0.00E+00
 2028.0 5.06E-18 2.53E-18 2.53E-18 0.00E+00 0.00E+00
 2029.0 4.05E-18 2.03E-18 2.03E-18 0.00E+00 0.00E+00
 2030.0 2.97E-18 1.48E-18 1.48E-18 0.00E+00 0.00E+00
 2031.0 2.18E-18 1.09E-18 1.09E-18 0.00E+00 0.00E+00
 2032.0 2.00E-18 1.00E-18 1.00E-18 0.00E+00 0.00E+00
 2033.0 1.72E-18 8.60E-19 8.60E-19 0.00E+00 0.00E+00
 2034.0 1.19E-18 5.95E-19 5.95E-19 0.00E+00 0.00E+00
 2035.0 4.21E-18 2.10E-18 2.10E-18 0.00E+00 0.00E+00
 2036.0 1.90E-17 9.50E-18 9.50E-18 0.00E+00 0.00E+00
 2037.0 1.76E-17 8.80E-18 8.80E-18 0.00E+00 0.00E+00
 2038.0 1.16E-17 5.80E-18 5.80E-18 0.00E+00 0.00E+00
 2039.0 1.04E-17 5.20E-18 5.20E-18 0.00E+00 0.00E+00
 2040.0 8.40E-18 4.20E-18 4.20E-18 0.00E+00 0.00E+00
 2041.0 6.86E-18 3.43E-18 3.43E-18 0.00E+00 0.00E+00
 2042.0 5.51E-18 2.75E-18 2.75E-18 0.00E+00 0.00E+00
 2043.0 3.74E-18 1.87E-18 1.87E-18 0.00E+00 0.00E+00
 2044.0 2.65E-18 1.33E-18 1.33E-18 0.00E+00 0.00E+00
 2045.0 2.17E-18 1.09E-18 1.09E-18 0.00E+00 0.00E+00
 2046.0 3.00E-18 1.50E-18 1.50E-18 0.00E+00 0.00E+00
 2047.0 2.59E-18 1.30E-18 1.30E-18 0.00E+00 0.00E+00
 2048.0 1.89E-18 9.45E-19 9.45E-19 0.00E+00 0.00E+00
 2049.0 1.35E-18 6.75E-19 6.75E-19 0.00E+00 0.00E+00
 2050.0 4.58E-18 2.29E-18 2.29E-18 0.00E+00 0.00E+00
 2051.0 9.60E-18 4.80E-18 4.80E-18 0.00E+00 0.00E+00
 2052.0 7.30E-18 3.65E-18 3.65E-18 0.00E+00 0.00E+00
 2053.0 1.21E-17 6.05E-18 6.05E-18 0.00E+00 0.00E+00
 2054.0 1.41E-17 7.05E-18 7.05E-18 0.00E+00 0.00E+00
 2055.0 1.13E-17 5.65E-18 5.65E-18 0.00E+00 0.00E+00
 2056.0 7.83E-18 3.92E-18 3.92E-18 0.00E+00 0.00E+00
 2057.0 5.77E-18 2.89E-18 2.89E-18 0.00E+00 0.00E+00
 2058.0 4.00E-18 2.00E-18 2.00E-18 0.00E+00 0.00E+00
 2059.0 2.96E-18 1.48E-18 1.48E-18 0.00E+00 0.00E+00
 2060.0 3.06E-18 1.53E-18 1.53E-18 0.00E+00 0.00E+00
 2061.0 3.01E-18 1.51E-18 1.51E-18 0.00E+00 0.00E+00
 2062.0 2.12E-18 1.06E-18 1.06E-18 0.00E+00 0.00E+00
 2063.0 1.47E-18 7.35E-19 7.35E-19 0.00E+00 0.00E+00
 2064.0 1.07E-18 5.35E-19 5.35E-19 0.00E+00 0.00E+00
 2065.0 1.06E-18 5.30E-19 5.30E-19 0.00E+00 0.00E+00
 2066.0 8.47E-19 5.08E-19 3.39E-19 0.00E+00 0.00E+00
 2067.0 4.30E-18 3.01E-18 1.29E-18 0.00E+00 0.00E+00
 2068.0 1.12E-17 8.96E-18 2.24E-18 0.00E+00 0.00E+00
 2069.0 1.78E-17 1.60E-17 1.78E-18 0.00E+00 0.00E+00
 2070.0 1.29E-17 1.29E-17 0.00E+00 0.00E+00 0.00E+00
 2071.0 9.70E-18 9.70E-18 0.00E+00 0.00E+00 0.00E+00
 2072.0 6.89E-18 6.89E-18 0.00E+00 0.00E+00 0.00E+00
 2073.0 5.49E-18 5.49E-18 0.00E+00 0.00E+00 0.00E+00
 2074.0 4.37E-18 4.37E-18 0.00E+00 0.00E+00 0.00E+00
 2075.0 3.40E-18 3.40E-18 0.00E+00 0.00E+00 0.00E+00
 2076.0 2.59E-18 2.59E-18 0.00E+00 0.00E+00 0.00E+00
 2077.0 1.93E-18 1.93E-18 0.00E+00 0.00E+00 0.00E+00
 2078.0 1.35E-18 1.35E-18 0.00E+00 0.00E+00 0.00E+00
 2079.0 1.06E-18 1.06E-18 0.00E+00 0.00E+00 0.00E+00
 2080.0 1.12E-18 1.12E-18 0.00E+00 0.00E+00 0.00E+00
 2081.0 8.20E-19 8.20E-19 0.00E+00 0.00E+00 0.00E+00
 2082.0 6.12E-19 6.12E-19 0.00E+00 0.00E+00 0.00E+00
 2083.0 3.05E-18 3.05E-18 0.00E+00 0.00E+00 0.00E+00
 2084.0 9.62E-18 9.62E-18 0.00E+00 0.00E+00 0.00E+00
 2085.0 1.14E-17 1.14E-17 0.00E+00 0.00E+00 0.00E+00
 2086.0 1.02E-17 1.02E-17 0.00E+00 0.00E+00 0.00E+00
 2087.0 8.96E-18 8.96E-18 0.00E+00 0.00E+00 0.00E+00
 2088.0 8.40E-18 8.40E-18 0.00E+00 0.00E+00 0.00E+00
 2089.0 6.71E-18 6.71E-18 0.00E+00 0.00E+00 0.00E+00
 2090.0 4.90E-18 4.90E-18 0.00E+00 0.00E+00 0.00E+00
 2091.0 3.56E-18 3.56E-18 0.00E+00 0.00E+00 0.00E+00
 2092.0 2.49E-18 2.49E-18 0.00E+00 0.00E+00 0.00E+00
 2093.0 1.86E-18 1.86E-18 0.00E+00 0.00E+00 0.00E+00
 2094.0 1.41E-18 1.41E-18 0.00E+00 0.00E+00 0.00E+00
 2095.0 1.30E-18 1.30E-18 0.00E+00 0.00E+00 0.00E+00
 2096.0 9.59E-19 9.59E-19 0.00E+00 0.00E+00 0.00E+00
 2097.0 6.33E-19 6.33E-19 0.00E+00 0.00E+00 0.00E+00
 2098.0 4.30E-19 4.30E-19 0.00E+00 0.00E+00 0.00E+00
 2099.0 4.95E-19 4.95E-19 0.00E+00 0.00E+00 0.00E+00
 2100.0 5.08E-18 5.08E-18 0.00E+00 0.00E+00 0.00E+00
 2101.0 5.37E-18 5.37E-18 0.00E+00 0.00E+00 0.00E+00
 2102.0 9.82E-18 9.82E-18 0.00E+00 0.00E+00 0.00E+00
 2103.0 1.05E-17 1.05E-17 0.00E+00 0.00E+00 0.00E+00
 2104.0 8.95E-18 8.95E-18 0.00E+00 0.00E+00 0.00E+00
 2105.0 6.81E-18 6.81E-18 0.00E+00 0.00E+00 0.00E+00
 2106.0 4.92E-18 4.92E-18 0.00E+00 0.00E+00 0.00E+00
 2107.0 3.66E-18 3.66E-18 0.00E+00 0.00E+00 0.00E+00
 2108.0 2.70E-18 2.70E-18 0.00E+00 0.00E+00 0.00E+00
 2109.0 2.11E-18 2.11E-18 0.00E+00 0.00E+00 0.00E+00
 2110.0 2.08E-18 2.08E-18 0.00E+00 0.00E+00 0.00E+00
 2111.0 1.54E-18 1.54E-18 0.00E+00 0.00E+00 0.00E+00
 2112.0 1.01E-18 1.01E-18 0.00E+00 0.00E+00 0.00E+00
 2113.0 6.63E-19 6.63E-19 0.00E+00 0.00E+00 0.00E+00
 2114.0 4.61E-19 4.61E-19 0.00E+00 0.00E+00 0.00E+00
 2115.0 3.26E-19 3.26E-19 0.00E+00 0.00E+00 0.00E+00
 2116.0 3.38E-19 3.38E-19 0.00E+00 0.00E+00 0.00E+00
 2117.0 2.00E-18 2.00E-18 0.00E+00 0.00E+00 0.00E+00
 2118.0 1.16E-17 1.16E-17 0.00E+00 0.00E+00 0.00E+00
 2119.0 9.48E-18 9.48E-18 0.00E+00 0.00E+00 0.00E+00
 2120.0 7.32E-18 7.32E-18 0.00E+00 0.00E+00 0.00E+00
 2121.0 5.77E-18 5.77E-18 0.00E+00 0.00E+00 0.00E+00
 2122.0 4.94E-18 4.94E-18 0.00E+00 0.00E+00 0.00E+00
 2123.0 3.94E-18 3.94E-18 0.00E+00 0.00E+00 0.00E+00
 2124.0 3.01E-18 3.01E-18 0.00E+00 0.00E+00 0.00E+00
 2125.0 2.81E-18 2.81E-18 0.00E+00 0.00E+00 0.00E+00
 2126.0 3.05E-18 3.05E-18 0.00E+00 0.00E+00 0.00E+00
 2127.0 2.25E-18 2.25E-18 0.00E+00 0.00E+00 0.00E+00
 2128.0 1.52E-18 1.52E-18 0.00E+00 0.00E+00 0.00E+00
 2129.0 1.02E-18 1.02E-18 0.00E+00 0.00E+00 0.00E+00
 2130.0 6.95E-19 6.95E-19 0.00E+00 0.00E+00 0.00E+00
 2131.0 5.87E-19 5.87E-19 0.00E+00 0.00E+00 0.00E+00
 2132.0 4.82E-19 4.82E-19 0.00E+00 0.00E+00 0.00E+00
 2133.0 7.02E-19 7.02E-19 0.00E+00 0.00E+00 0.00E+00
 2134.0 5.50E-18 5.50E-18 0.00E+00 0.00E+00 0.00E+00
 2135.0 5.05E-18 5.05E-18 0.00E+00 0.00E+00 0.00E+00
 2136.0 7.34E-18 7.34E-18 0.00E+00 0.00E+00 0.00E+00
 2137.0 6.97E-18 6.97E-18 0.00E+00 0.00E+00 0.00E+00
 2138.0 5.40E-18 5.40E-18 0.00E+00 0.00E+00 0.00E+00
 2139.0 3.71E-18 3.71E-18 0.00E+00 0.00E+00 0.00E+00
 2140.0 2.57E-18 2.57E-18 0.00E+00 0.00E+00 0.00E+00
 2141.0 2.55E-18 2.55E-18 0.00E+00 0.00E+00 0.00E+00
 2142.0 3.18E-18 3.18E-18 0.00E+00 0.00E+00 0.00E+00
 2143.0 2.50E-18 2.50E-18 0.00E+00 0.00E+00 0.00E+00
 2144.0 1.75E-18 1.75E-18 0.00E+00 0.00E+00 0.00E+00
 2145.0 1.17E-18 1.17E-18 0.00E+00 0.00E+00 0.00E+00
 2146.0 7.82E-19 7.82E-19 0.00E+00 0.00E+00 0.00E+00
 2147.0 8.01E-19 8.01E-19 0.00E+00 0.00E+00 0.00E+00
 2148.0 8.91E-19 8.91E-19 0.00E+00 0.00E+00 0.00E+00
 2149.0 6.45E-19 6.45E-19 0.00E+00 0.00E+00 0.00E+00
 2150.0 4.14E-19 4.14E-19 0.00E+00 0.00E+00 0.00E+00
 2151.0 1.01E-18 1.01E-18 0.00E+00 0.00E+00 0.00E+00
 2152.0 5.31E-18 5.31E-18 0.00E+00 0.00E+00 0.00E+00
 2153.0 7.60E-18 7.60E-18 0.00E+00 0.00E+00 0.00E+00
 2154.0 5.91E-18 5.91E-18 0.00E+00 0.00E+00 0.00E+00
 2155.0 3.96E-18 3.96E-18 0.00E+00 0.00E+00 0.00E+00
 2156.0 2.89E-18 2.89E-18 0.00E+00 0.00E+00 0.00E+00
 2157.0 2.12E-18 2.12E-18 0.00E+00 0.00E+00 0.00E+00
 2158.0 2.15E-18 2.15E-18 0.00E+00 0.00E+00 0.00E+00
 2159.0 1.86E-18 1.86E-18 0.00E+00 0.00E+00 0.00E+00
 2160.0 1.33E-18 1.33E-18 0.00E+00 0.00E+00 0.00E+00
 2161.0 9.32E-19 9.32E-19 0.00E+00 0.00E+00 0.00E+00
 2162.0 6.69E-19 6.69E-19 0.00E+00 0.00E+00 0.00E+00
 2163.0 5.36E-19 5.36E-19 0.00E+00 0.00E+00 0.00E+00
 2164.0 1.01E-18 1.01E-18 0.00E+00 0.00E+00 0.00E+00
 2165.0 9.65E-19 9.65E-19 0.00E+00 0.00E+00 0.00E+00
 2166.0 7.11E-19 7.11E-19 0.00E+00 0.00E+00 0.00E+00
 2167.0 4.77E-19 4.77E-19 0.00E+00 0.00E+00 0.00E+00
 2168.0 5.34E-19 5.34E-19 0.00E+00 0.00E+00 0.00E+00
 2169.0 2.89E-18 2.89E-18 0.00E+00 0.00E+00 0.00E+00
 2170.0 4.08E-18 4.08E-18 0.00E+00 0.00E+00 0.00E+00
 2171.0 4.32E-18 4.32E-18 0.00E+00 0.00E+00 0.00E+00
 2172.0 3.67E-18 3.67E-18 0.00E+00 0.00E+00 0.00E+00
 2173.0 3.02E-18 3.02E-18 0.00E+00 0.00E+00 0.00E+00
 2174.0 2.09E-18 2.09E-18 0.00E+00 0.00E+00 0.00E+00
 2175.0 1.45E-18 1.45E-18 0.00E+00 0.00E+00 0.00E+00
 2176.0 1.05E-18 1.05E-18 0.00E+00 0.00E+00 0.00E+00
 2177.0 8.16E-19 8.16E-19 0.00E+00 0.00E+00 0.00E+00
 2178.0 7.07E-19 7.07E-19 0.00E+00 0.00E+00 0.00E+00
 2179.0 5.35E-19 5.35E-19 0.00E+00 0.00E+00 0.00E+00
 2180.0 4.62E-19 0.00E+00 0.00E+00 4.62E-19 0.00E+00
 2181.0 8.66E-19 0.00E+00 0.00E+00 8.66E-19 0.00E+00
 2182.0 7.39E-19 0.00E+00 0.00E+00 7.39E-19 0.00E+00
 2183.0 5.82E-19 0.00E+00 0.00E+00 5.82E-19 0.00E+00
 2184.0 3.66E-19 0.00E+00 0.00E+00 3.66E-19 0.00E+00
 2185.0 2.80E-19 0.00E+00 0.00E+00 2.80E-19 0.00E+00
 2186.0 2.83E-19 0.00E+00 0.00E+00 2.83E-19 0.00E+00
 2187.0 1.47E-18 0.00E+00 0.00E+00 1.47E-18 0.00E+00
 2188.0 3.12E-18 0.00E+00 0.00E+00 3.12E-18 0.00E+00
 2189.0 3.76E-18 0.00E+00 0.00E+00 3.76E-18 0.00E+00
 2190.0 3.02E-18 0.00E+00 0.00E+00 3.02E-18 0.00E+00
 2191.0 2.11E-18 0.00E+00 0.00E+00 2.11E-18 0.00E+00
 2192.0 1.49E-18 0.00E+00 0.00E+00 1.49E-18 0.00E+00
 2193.0 1.17E-18 0.00E+00 0.00E+00 1.17E-18 0.00E+00
 2194.0 1.01E-18 0.00E+00 0.00E+00 1.01E-18 0.00E+00
 2195.0 7.48E-19 0.00E+00 0.00E+00 7.48E-19 0.00E+00
 2196.0 5.40E-19 0.00E+00 0.00E+00 5.40E-19 0.00E+00
 2197.0 4.07E-19 0.00E+00 0.00E+00 4.07E-19 0.00E+00
 2198.0 4.33E-19 0.00E+00 0.00E+00 4.33E-19 0.00E+00
 2199.0 3.94E-19 0.00E+00 0.00E+00 3.94E-19 0.00E+00
 2200.0 2.82E-19 0.00E+00 0.00E+00 2.82E-19 0.00E+00
 2201.0 1.97E-19 0.00E+00 0.00E+00 1.97E-19 0.00E+00
 2202.0 1.43E-19 0.00E+00 0.00E+00 1.43E-19 0.00E+00
 2203.0 1.84E-19 0.00E+00 0.00E+00 1.84E-19 0.00E+00
 2204.0 2.02E-19 0.00E+00 0.00E+00 2.02E-19 0.00E+00
 2205.0 1.03E-18 0.00E+00 0.00E+00 1.03E-18 0.00E+00
 2206.0 2.40E-18 0.00E+00 0.00E+00 2.40E-18 0.00E+00
 2207.0 2.60E-18 0.00E+00 0.00E+00 2.60E-18 0.00E+00
 2208.0 1.85E-18 0.00E+00 0.00E+00 1.85E-18 0.00E+00
 2209.0 1.43E-18 0.00E+00 0.00E+00 1.43E-18 0.00E+00
 2210.0 1.20E-18 0.00E+00 0.00E+00 1.20E-18 0.00E+00
 2211.0 1.21E-18 0.00E+00 0.00E+00 1.21E-18 0.00E+00
 2212.0 9.70E-19 0.00E+00 0.00E+00 9.70E-19 0.00E+00
 2213.0 6.97E-19 0.00E+00 0.00E+00 6.97E-19 0.00E+00
 2214.0 5.25E-19 0.00E+00 0.00E+00 5.25E-19 0.00E+00
 2215.0 3.96E-19 0.00E+00 0.00E+00 3.96E-19 0.00E+00
 2216.0 2.70E-19 0.00E+00 0.00E+00 2.70E-19 0.00E+00
 2217.0 1.91E-19 0.00E+00 0.00E+00 1.91E-19 0.00E+00
 2218.0 1.38E-19 0.00E+00 0.00E+00 1.38E-19 0.00E+00
 2219.0 1.05E-19 0.00E+00 0.00E+00 1.05E-19 0.00E+00
 2220.0 9.58E-20 0.00E+00 0.00E+00 9.58E-20 0.00E+00
 2221.0 2.79E-19 0.00E+00 0.00E+00 2.79E-19 0.00E+00
 2222.0 2.37E-19 0.00E+00 0.00E+00 2.37E-19 0.00E+00
 2223.0 5.07E-19 0.00E+00 0.00E+00 5.07E-19 0.00E+00
 2224.0 1.16E-18 0.00E+00 0.00E+00 1.16E-18 0.00E+00
 2225.0 1.18E-18 0.00E+00 0.00E+00 1.18E-18 0.00E+00
 2226.0 1.00E-18 0.00E+00 0.00E+00 1.00E-18 0.00E+00
 2227.0 9.10E-19 0.00E+00 0.00E+00 9.10E-19 0.00E+00
 2228.0 9.94E-19 0.00E+00 0.00E+00 9.94E-19 0.00E+00
 2229.0 1.01E-18 0.00E+00 0.00E+00 1.01E-18 0.00E+00
 2230.0 8.93E-19 0.00E+00 0.00E+00 8.93E-19 0.00E+00
 2231.0 6.30E-19 0.00E+00 0.00E+00 6.30E-19 0.00E+00
 2232.0 4.94E-19 0.00E+00 0.00E+00 4.94E-19 0.00E+00
 2233.0 3.61E-19 0.00E+00 0.00E+00 3.61E-19 0.00E+00
 2234.0 2.37E-19 0.00E+00 0.00E+00 2.37E-19 0.00E+00
 2235.0 1.65E-19 0.00E+00 0.00E+00 1.65E-19 0.00E+00
 2236.0 1.15E-19 0.00E+00 0.00E+00 1.15E-19 0.00E+00
 2237.0 8.35E-20 0.00E+00 0.00E+00 8.35E-20 0.00E+00
 2238.0 9.11E-20 0.00E+00 0.00E+00 9.11E-20 0.00E+00
 2239.0 3.11E-19 0.00E+00 0.00E+00 3.11E-19 0.00E+00
 2240.0 4.00E-19 0.00E+00 0.00E+00 4.00E-19 0.00E+00
 2241.0 2.96E-19 0.00E+00 0.00E+00 2.96E-19 0.00E+00
 2242.0 4.16E-19 0.00E+00 0.00E+00 4.16E-19 0.00E+00
 2243.0 7.24E-19 0.00E+00 0.00E+00 7.24E-19 0.00E+00
 2244.0 6.55E-19 0.00E+00 0.00E+00 6.55E-19 0.00E+00
 2245.0 6.13E-19 0.00E+00 0.00E+00 6.13E-19 0.00E+00
 2246.0 5.92E-19 0.00E+00 0.00E+00 5.92E-19 0.00E+00
 2247.0 5.17E-19 0.00E+00 0.00E+00 5.17E-19 0.00E+00
 2248.0 5.06E-19 0.00E+00 0.00E+00 5.06E-19 0.00E+00
 2249.0 3.89E-19 0.00E+00 0.00E+00 3.89E-19 0.00E+00
 2250.0 2.98E-19 0.00E+00 0.00E+00 2.98E-19 0.00E+00
 2251.0 2.22E-19 0.00E+00 0.00E+00 2.22E-19 0.00E+00
 2252.0 1.49E-19 0.00E+00 0.00E+00 1.49E-19 0.00E+00
 2253.0 1.08E-19 0.00E+00 0.00E+00 1.08E-19 0.00E+00
 2254.0 9.33E-20 0.00E+00 0.00E+00 9.33E-20 0.00E+00
 2255.0 8.66E-20 0.00E+00 0.00E+00 8.66E-20 0.00E+00
 2256.0 7.46E-20 0.00E+00 0.00E+00 7.46E-20 0.00E+00
 2257.0 1.18E-19 0.00E+00 0.00E+00 1.18E-19 0.00E+00
 2258.0 4.62E-19 0.00E+00 0.00E+00 4.62E-19 0.00E+00
 2259.0 4.76E-19 0.00E+00 0.00E+00 4.76E-19 0.00E+00
 2260.0 4.01E-19 0.00E+00 0.00E+00 4.01E-19 0.00E+00
 2261.0 4.34E-19 0.00E+00 0.00E+00 4.34E-19 0.00E+00
 2262.0 4.07E-19 0.00E+00 0.00E+00 4.07E-19 0.00E+00
 2263.0 3.63E-19 0.00E+00 0.00E+00 3.63E-19 0.00E+00
 2264.0 3.36E-19 0.00E+00 0.00E+00 3.36E-19 0.00E+00
 2265.0 2.54E-19 0.00E+00 0.00E+00 2.54E-19 0.00E+00
 2266.0 1.83E-19 0.00E+00 0.00E+00 1.83E-19 0.00E+00
 2267.0 1.25E-19 0.00E+00 0.00E+00 1.25E-19 0.00E+00
 2268.0 1.00E-19 0.00E+00 0.00E+00 1.00E-19 0.00E+00
 2269.0 9.38E-20 0.00E+00 0.00E+00 9.38E-20 0.00E+00
 2270.0 8.61E-20 0.00E+00 0.00E+00 8.61E-20 0.00E+00
 2271.0 6.76E-20 0.00E+00 0.00E+00 6.76E-20 0.00E+00
 2272.0 6.92E-20 0.00E+00 0.00E+00 6.92E-20 0.00E+00
 2273.0 6.53E-20 0.00E+00 0.00E+00 6.53E-20 0.00E+00
 2274.0 6.48E-20 0.00E+00 0.00E+00 6.48E-20 0.00E+00
 2275.0 6.13E-20 0.00E+00 0.00E+00 6.13E-20 0.00E+00
 2276.0 8.09E-20 0.00E+00 0.00E+00 8.09E-20 0.00E+00
 2277.0 3.10E-19 0.00E+00 0.00E+00 3.10E-19 0.00E+00
 2278.0 4.42E-19 0.00E+00 0.00E+00 4.42E-19 0.00E+00
 2279.0 3.69E-19 0.00E+00 0.00E+00 3.69E-19 0.00E+00
 2280.0 3.03E-19 0.00E+00 0.00E+00 3.03E-19 0.00E+00
 2281.0 1.97E-19 0.00E+00 0.00E+00 1.97E-19 0.00E+00
 2282.0 1.87E-19 0.00E+00 0.00E+00 1.87E-19 0.00E+00
 2283.0 1.73E-19 0.00E+00 0.00E+00 1.73E-19 0.00E+00
 2284.0 1.28E-19 0.00E+00 0.00E+00 1.28E-19 0.00E+00
 2285.0 9.56E-20 0.00E+00 0.00E+00 9.56E-20 0.00E+00
 2286.0 6.62E-20 0.00E+00 0.00E+00 6.62E-20 0.00E+00
 2287.0 5.64E-20 0.00E+00 0.00E+00 5.64E-20 0.00E+00
 2288.0 7.46E-20 0.00E+00 0.00E+00 7.46E-20 0.00E+00
 2289.0 8.18E-20 0.00E+00 0.00E+00 8.18E-20 0.00E+00
 2290.0 6.44E-20 0.00E+00 0.00E+00 6.44E-20 0.00E+00
 2291.0 4.60E-20 0.00E+00 0.00E+00 4.60E-20 0.00E+00
 2292.0 3.73E-20 0.00E+00 0.00E+00 3.73E-20 0.00E+00
 2293.0 2.88E-20 0.00E+00 0.00E+00 2.88E-20 0.00E+00
 2294.0 2.40E-20 0.00E+00 0.00E+00 2.40E-20 0.00E+00
 2295.0 2.55E-20 0.00E+00 0.00E+00 2.55E-20 0.00E+00
 2296.0 4.98E-20 0.00E+00 0.00E+00 4.98E-20 0.00E+00
 2297.0 1.72E-19 0.00E+00 0.00E+00 1.72E-19 0.00E+00
 2298.0 2.19E-19 0.00E+00 0.00E+00 2.19E-19 0.00E+00
 2299.0 2.29E-19 0.00E+00 0.00E+00 2.29E-19 0.00E+00
 2300.0 1.67E-19 0.00E+00 0.00E+00 1.67E-19 0.00E+00
 2301.0 1.24E-19 0.00E+00 0.00E+00 1.24E-19 0.00E+00
 2302.0 9.25E-20 0.00E+00 0.00E+00 9.25E-20 0.00E+00
 2303.0 6.95E-20 0.00E+00 0.00E+00 6.95E-20 0.00E+00
 2304.0 6.23E-20 0.00E+00 0.00E+00 6.23E-20 0.00E+00
 2305.0 5.85E-20 0.00E+00 0.00E+00 5.85E-20 0.00E+00
 2306.0 4.86E-20 0.00E+00 0.00E+00 4.86E-20 0.00E+00
 2307.0 4.25E-20 0.00E+00 0.00E+00 4.25E-20 0.00E+00
 2308.0 6.49E-20 0.00E+00 0.00E+00 6.49E-20 0.00E+00
 2309.0 8.22E-20 0.00E+00 0.00E+00 8.22E-20 0.00E+00
 2310.0 6.63E-20 0.00E+00 0.00E+00 6.63E-20 0.00E+00
 2311.0 4.96E-20 0.00E+00 0.00E+00 4.96E-20 0.00E+00
 2312.0 3.67E-20 0.00E+00 0.00E+00 3.67E-20 0.00E+00
 2313.0 3.01E-20 0.00E+00 0.00E+00 3.01E-20 0.00E+00
 2314.0 2.76E-20 0.00E+00 0.00E+00 2.76E-20 0.00E+00
 2315.0 2.60E-20 0.00E+00 0.00E+00 2.60E-20 0.00E+00
 2316.0 2.45E-20 0.00E+00 0.00E+00 2.45E-20 0.00E+00
 2317.0 2.54E-20 0.00E+00 0.00E+00 2.54E-20 0.00E+00
 2318.0 4.99E-20 0.00E+00 0.00E+00 4.99E-20 0.00E+00
 2319.0 7.86E-20 0.00E+00 0.00E+00 7.86E-20 0.00E+00
 2320.0 6.63E-20 0.00E+00 0.00E+00 6.63E-20 0.00E+00
 2321.0 5.16E-20 0.00E+00 0.00E+00 5.16E-20 0.00E+00
 2322.0 4.11E-20 0.00E+00 0.00E+00 4.11E-20 0.00E+00
 2323.0 3.68E-20 0.00E+00 0.00E+00 3.68E-20 0.00E+00
 2324.0 3.78E-20 0.00E+00 0.00E+00 3.78E-20 0.00E+00
 2325.0 4.77E-20 0.00E+00 0.00E+00 4.77E-20 0.00E+00
 2326.0 4.18E-20 0.00E+00 0.00E+00 4.18E-20 0.00E+00
 2327.0 4.02E-20 0.00E+00 0.00E+00 4.02E-20 0.00E+00
 2328.0 6.51E-20 0.00E+00 0.00E+00 6.51E-20 0.00E+00
 2329.0 8.17E-20 0.00E+00 0.00E+00 8.17E-20 0.00E+00
 2330.0 5.94E-20 0.00E+00 0.00E+00 5.94E-20 0.00E+00
 2331.0 4.67E-20 0.00E+00 0.00E+00 4.67E-20 0.00E+00
 2332.0 3.56E-20 0.00E+00 0.00E+00 3.56E-20 0.00E+00
 2333.0 2.77E-20 0.00E+00 0.00E+00 2.77E-20 0.00E+00
 2334.0 2.39E-20 0.00E+00 0.00E+00 2.39E-20 0.00E+00
 2335.0 2.24E-20 0.00E+00 0.00E+00 2.24E-20 0.00E+00
 2336.0 2.20E-20 0.00E+00 0.00E+00 2.20E-20 0.00E+00
 2337.0 2.29E-20 0.00E+00 0.00E+00 2.29E-20 0.00E+00
 2338.0 2.27E-20 0.00E+00 0.00E+00 2.27E-20 0.00E+00
 2339.0 2.38E-20 0.00E+00 0.00E+00 2.38E-20 0.00E+00
 2340.0 2.35E-20 0.00E+00 0.00E+00 2.35E-20 0.00E+00
 2341.0 2.26E-20 0.00E+00 0.00E+00 2.26E-20 0.00E+00
 2342.0 2.09E-20 0.00E+00 0.00E+00 2.09E-20 0.00E+00
 2343.0 2.14E-20 0.00E+00 0.00E+00 2.14E-20 0.00E+00
 2344.0 2.88E-20 0.00E+00 0.00E+00 2.88E-20 0.00E+00
 2345.0 3.13E-20 0.00E+00 0.00E+00 3.13E-20 0.00E+00
 2346.0 3.24E-20 0.00E+00 0.00E+00 3.24E-20 0.00E+00
 2347.0 3.42E-20 0.00E+00 0.00E+00 3.42E-20 0.00E+00
 2348.0 3.51E-20 0.00E+00 0.00E+00 3.51E-20 0.00E+00
 2349.0 5.39E-20 0.00E+00 0.00E+00 5.39E-20 0.00E+00
 2350.0 5.01E-20 0.00E+00 0.00E+00 5.01E-20 0.00E+00
 2351.0 4.27E-20 0.00E+00 0.00E+00 4.27E-20 0.00E+00
 2352.0 3.70E-20 0.00E+00 0.00E+00 3.70E-20 0.00E+00
 2353.0 3.57E-20 0.00E+00 0.00E+00 3.57E-20 0.00E+00
 2354.0 3.66E-20 0.00E+00 0.00E+00 3.66E-20 0.00E+00
 2355.0 3.74E-20 0.00E+00 0.00E+00 3.74E-20 0.00E+00
 2356.0 3.69E-20 0.00E+00 0.00E+00 3.69E-20 0.00E+00
 2357.0 3.61E-20 0.00E+00 0.00E+00 3.61E-20 0.00E+00
 2358.0 3.11E-20 0.00E+00 0.00E+00 3.11E-20 0.00E+00
 2359.0 2.96E-20 0.00E+00 0.00E+00 2.96E-20 0.00E+00
 2360.0 2.78E-20 0.00E+00 0.00E+00 2.78E-20 0.00E+00
 2361.0 2.53E-20 0.00E+00 0.00E+00 2.53E-20 0.00E+00
 2362.0 2.53E-20 0.00E+00 0.00E+00 2.53E-20 0.00E+00
 2363.0 2.50E-20 0.00E+00 0.00E+00 2.50E-20 0.00E+00
 2364.0 2.48E-20 0.00E+00 0.00E+00 2.48E-20 0.00E+00
 2365.0 2.67E-20 0.00E+00 0.00E+00 2.67E-20 0.00E+00
 2366.0 3.02E-20 0.00E+00 0.00E+00 3.02E-20 0.00E+00
 2367.0 3.17E-20 0.00E+00 0.00E+00 3.17E-20 0.00E+00
 2368.0 3.02E-20 0.00E+00 0.00E+00 3.02E-20 0.00E+00
 2369.0 2.77E-20 0.00E+00 0.00E+00 2.77E-20 0.00E+00
 2370.0 2.52E-20 0.00E+00 0.00E+00 2.52E-20 0.00E+00
 2371.0 2.73E-20 0.00E+00 0.00E+00 2.73E-20 0.00E+00
 2372.0 3.11E-20 0.00E+00 0.00E+00 3.11E-20 0.00E+00
 2373.0 3.18E-20 0.00E+00 0.00E+00 3.18E-20 0.00E+00
 2374.0 2.89E-20 0.00E+00 0.00E+00 2.89E-20 0.00E+00
 2375.0 2.60E-20 0.00E+00 0.00E+00 2.60E-20 0.00E+00
 2376.0 2.57E-20 0.00E+00 0.00E+00 2.57E-20 0.00E+00
 2377.0 2.41E-20 0.00E+00 0.00E+00 2.41E-20 0.00E+00
 2378.0 2.70E-20 0.00E+00 0.00E+00 2.70E-20 0.00E+00
 2379.0 3.45E-20 0.00E+00 0.00E+00 3.45E-20 0.00E+00
 2380.0 3.76E-20 0.00E+00 0.00E+00 3.76E-20 0.00E+00
 2381.0 3.50E-20 0.00E+00 0.00E+00 3.50E-20 0.00E+00
 2382.0 3.22E-20 0.00E+00 0.00E+00 3.22E-20 0.00E+00
 2383.0 3.17E-20 0.00E+00 0.00E+00 3.17E-20 0.00E+00
 2384.0 3.18E-20 0.00E+00 0.00E+00 3.18E-20 0.00E+00
 2385.0 3.18E-20 0.00E+00 0.00E+00 3.18E-20 0.00E+00
 2386.0 3.24E-20 0.00E+00 0.00E+00 3.24E-20 0.00E+00
 2387.0 3.16E-20 0.00E+00 0.00E+00 3.16E-20 0.00E+00
 2388.0 3.21E-20 0.00E+00 0.00E+00 3.21E-20 0.00E+00
 2389.0 3.66E-20 0.00E+00 0.00E+00 3.66E-20 0.00E+00
 2390.0 3.41E-20 0.00E+00 0.00E+00 3.41E-20 0.00E+00
 2391.0 3.06E-20 0.00E+00 0.00E+00 3.06E-20 0.00E+00
 2392.0 3.00E-20 0.00E+00 0.00E+00 3.00E-20 0.00E+00
 2393.0 3.41E-20 0.00E+00 0.00E+00 3.41E-20 0.00E+00
 2394.0 3.46E-20 0.00E+00 0.00E+00 3.46E-20 0.00E+00
 2395.0 3.70E-20 0.00E+00 0.00E+00 3.70E-20 0.00E+00
 2396.0 4.42E-20 0.00E+00 0.00E+00 4.42E-20 0.00E+00
 2397.0 4.31E-20 0.00E+00 0.00E+00 4.31E-20 0.00E+00
 2398.0 4.01E-20 0.00E+00 0.00E+00 4.01E-20 0.00E+00
 2399.0 4.12E-20 0.00E+00 0.00E+00 4.12E-20 0.00E+00
